[1] "All configurations:"
[1] 500
               glu1          ac1         o21        glu2          ac2
glu1     1.00000000  0.114773398  0.16288336  0.12015102 -0.049414670
ac1      0.11477340  1.000000000  0.12863916 -0.01928550 -0.054382379
o21      0.16288336  0.128639157  1.00000000  0.01426544 -0.207099363
glu2     0.12015102 -0.019285503  0.01426544  1.00000000 -0.143560253
ac2     -0.04941467 -0.054382379 -0.20709936 -0.14356025  1.000000000
o22     -0.12768621 -0.086078592 -0.63991164  0.07218620  0.164761804
sd       0.05346536  0.007307872 -0.12240859 -0.01481243  0.007556493
fitness -0.20520539 -0.092610436  0.04024314 -0.18603716  0.028213696
                 o22           sd      fitness
glu1    -0.127686205  0.053465360 -0.205205390
ac1     -0.086078592  0.007307872 -0.092610436
o21     -0.639911638 -0.122408589  0.040243140
glu2     0.072186199 -0.014812433 -0.186037161
ac2      0.164761804  0.007556493  0.028213696
o22      1.000000000 -0.019430283  0.005728102
sd      -0.019430283  1.000000000 -0.379920923
fitness  0.005728102 -0.379920923  1.000000000
[1] "Sd<0.1:"
[1] 474
               glu1         ac1          o21         glu2         ac2
glu1     1.00000000  0.11843490  0.174135920  0.122024007 -0.04272614
ac1      0.11843490  1.00000000  0.124064027 -0.033274824 -0.04333761
o21      0.17413592  0.12406403  1.000000000  0.009926138 -0.20661318
glu2     0.12202401 -0.03327482  0.009926138  1.000000000 -0.12970645
ac2     -0.04272614 -0.04333761 -0.206613182 -0.129706453  1.00000000
o22     -0.12818790 -0.07335126 -0.634787001  0.077058186  0.16183382
sd      -0.05392880  0.01852516 -0.048592681 -0.143816111 -0.02713804
fitness -0.20113921 -0.09922599 -0.007005422 -0.209108965  0.03564201
                 o22          sd      fitness
glu1    -0.128187901 -0.05392880 -0.201139206
ac1     -0.073351264  0.01852516 -0.099225990
o21     -0.634787001 -0.04859268 -0.007005422
glu2     0.077058186 -0.14381611 -0.209108965
ac2      0.161833821 -0.02713804  0.035642007
o22      1.000000000 -0.03194150 -0.001994727
sd      -0.031941501  1.00000000  0.257257124
fitness -0.001994727  0.25725712  1.000000000
