[1] "All configurations:"
[1] 500
               glu1          ac1         o21        glu2         ac2
glu1     1.00000000  0.047774492  0.04236220  0.48201141  0.05264437
ac1      0.04777449  1.000000000  0.01126446  0.04761579  0.03094799
o21      0.04236220  0.011264460  1.00000000  0.06093261  0.06139498
glu2     0.48201141  0.047615787  0.06093261  1.00000000  0.06239758
ac2      0.05264437  0.030947987  0.06139498  0.06239758  1.00000000
o22     -0.13153748 -0.067805978 -0.20459288 -0.08816714  0.13910159
sd      -0.11226312 -0.018667961 -0.08622235 -0.10479551 -0.02642222
fitness  0.33475222  0.006785719 -0.24667111  0.31831753 -0.09109725
                o22          sd      fitness
glu1    -0.13153748 -0.11226312  0.334752217
ac1     -0.06780598 -0.01866796  0.006785719
o21     -0.20459288 -0.08622235 -0.246671113
glu2    -0.08816714 -0.10479551  0.318317527
ac2      0.13910159 -0.02642222 -0.091097247
o22      1.00000000 -0.12451566 -0.306715056
sd      -0.12451566  1.00000000  0.153984610
fitness -0.30671506  0.15398461  1.000000000
[1] "Sd<0.1:"
[1] 500
               glu1          ac1         o21        glu2         ac2
glu1     1.00000000  0.047774492  0.04236220  0.48201141  0.05264437
ac1      0.04777449  1.000000000  0.01126446  0.04761579  0.03094799
o21      0.04236220  0.011264460  1.00000000  0.06093261  0.06139498
glu2     0.48201141  0.047615787  0.06093261  1.00000000  0.06239758
ac2      0.05264437  0.030947987  0.06139498  0.06239758  1.00000000
o22     -0.13153748 -0.067805978 -0.20459288 -0.08816714  0.13910159
sd      -0.11226312 -0.018667961 -0.08622235 -0.10479551 -0.02642222
fitness  0.33475222  0.006785719 -0.24667111  0.31831753 -0.09109725
                o22          sd      fitness
glu1    -0.13153748 -0.11226312  0.334752217
ac1     -0.06780598 -0.01866796  0.006785719
o21     -0.20459288 -0.08622235 -0.246671113
glu2    -0.08816714 -0.10479551  0.318317527
ac2      0.13910159 -0.02642222 -0.091097247
o22      1.00000000 -0.12451566 -0.306715056
sd      -0.12451566  1.00000000  0.153984610
fitness -0.30671506  0.15398461  1.000000000
