0.864494, 0.0
0.33952, 0.0006891331673320661
0.807988, 0.021330957683094467
0.731625, 0.0002628404594198557
0.428193, 0.0008918637626052197
0.86234, 0.0
0.350637, 0.0005112973494368788
0.744811, 0.0002441770673749159
0.761618, 0.000509326025047859
0.95162, 0.0013060548513442272
0.682493, 0.002284700340606325
0.56295, 0.0008665269127449219
0.481422, 0.0
0.647716, 0.00203254124799108
0.633786, 0.0
0.760425, 0.0023092065450904748
0.553611, 5.956303276390378e-05
0.623786, 0.00016041272391427493
0.644951, 0.00028913229901311613
0.485437, 0.002282637725112954
0.29646, 0.0
0.940568, 0.005323413328734477
0.824654, 0.00027514745290233076
0.537597, 0.0005792563564623671
0.752023, 3.5417106549077114e-05
0.560303, 0.00047094135485840693
0.936549, 2.0468799082148916e-08
0.821838, 0.005151540186355198
0.984716, 7.027093170015125e-05
0.624897, 0.0006024105790895313
0.651224, 0.0002010457034371134
0.858004, 0.0015907228415880095
0.53399, 0.0005596970835097843
0.53244, 0.001077251461011667
0.615667, 0.004402271276731479
0.937169, 0.0
0.55488, 0.010888058779508039
0.730263, 0.003757290097823066
0.613513, 0.006657595833878833
0.836349, 0.0003203832812380909
0.586191, 3.993665179898665e-05
0.748837, 0.0
0.654538, 0.006340968014336547
0.979069, 0.007925454258508977
0.728676, 0.003921676812433755
1.00107, 0.006342931181780843
0.667793, 0.011502362420859719
0.979473, 0.007553052519494215
0.672874, 0.003331537118334664
0.923166, 0.0007900361126938814
0.758257, 0.00032038325872141575
0.837692, 0.0004268323635596046
0.437178, 0.003979228680753318
0.95835, 0.0
0.984086, 0.005477890825263269
0.51307, 0.0
0.984916, 0.006737962691877342
0.496112, 0.002570742835776237
0.838592, 0.0013947545808498738
0.726318, 0.0009284529142983103
0.514721, 0.0005926155835120725
0.310922, 0.0005436464461003159
0.960307, 0.007947801822618793
0.734083, 0.013764425833133052
0.964061, 0.0021269410307719725
0.971688, 0.008881606120202397
0.539872, 0.004993647537476233
0.978663, 0.0071884127643475956
0.301537, 0.0004332443099941452
0.937169, 0.0
0.33787, 1.7682506692871254e-07
0.929584, 0.0014169202448991044
0.516183, 0.005987718792474031
0.801491, 6.268580547832104e-07
0.721358, 0.0009124338143510969
0.765154, 0.0034197694820518243
0.887427, 0.00018656145569626468
0.618176, 0.0031940199511868808
0.88732, 0.00023413436551176668
0.419024, 0.0
0.88987, 0.00012377731379281632
0.641841, 0.014305758108088634
0.773285, 0.00014450228301981615
0.811407, 0.00015272023939972605
0.550928, 0.0
0.538744, 0.0
0.826978, 0.0009706861361133605
0.954415, 0.00029808695492294636
0.661793, 0.0003038984258562217
0.952139, 0.00027617277667986103
0.706702, 0.0005620060657264087
0.958196, 0.0002660582229956751
0.612747, 0.0
0.980615, 0.0036543742749483685
0.769074, 0.008186866021890534
0.895687, 0.00024233041557778995
0.795856, 0.0008774397975849339
0.883758, 0.00013807721572301073
0.867323, 0.00021727355334963345
0.88974, 0.0010664236415912226
0.943676, 0.004515824245351475
0.704735, 0.0
0.95673, 0.0001023805024801244
0.690283, 0.0
0.95679, 0.00010237094517342128
0.654236, 0.013752082482749454
0.847401, 0.0001023805024801244
0.750849, 0.0032126047488920326
0.955365, 9.609231381439193e-05
0.647642, 1.9706119390363527e-07
0.727451, 0.006757149922424819
0.87214, 0.0004566292909310181
0.816876, 0.0057641876009527394
0.702101, 1.2655517902949117e-07
0.643105, 0.004234208135206998
0.71114, 0.02413391387211819
0.650968, 0.017483313888755955
0.944479, 0.0003383009952360424
0.685141, 0.0074329711620812885
0.436292, 0.0
0.931618, 0.0
0.291746, 0.0010417805448401987
0.937169, 0.0
0.678691, 0.0014800118326772063
0.908862, 0.0018308749351591263
0.718953, 0.0051550487289299006
0.909919, 0.0018308749582531389
0.832282, 0.014038861795359297
0.910976, 0.0
0.383965, 0.0033894610910636075
0.889378, 0.0014367774704502525
0.34075, 0.0
0.755401, 0.0
0.192251, 1.3662416775603564e-08
0.303899, 0.0004158783367394674
0.34075, 9.097885541492162e-08
0.748837, 0.0
0.192251, 0.0
0.414494, 0.0
0.34075, 9.0978855446971e-08
0.457855, 0.0010534545314502448
0.890659, 0.0007142788482545567
0, 0.0
0.63154, 0.001092819925002936
0, 0.0
0.692486, 0.00011337095259673348
0.936172, 0.0007795282182831585
0.726062, 9.233562855080927e-07
0.853125, 0.0008572885873273841
0.722695, 0.003651382195235331
0.936622, 0.0007795282182831585
0.630861, 0.0
0.85362, 0.0008572885873273841
0.942603, 0.01849770542468681
0.647206, 0.00023785743940053634
0.789082, 0.00022880503751284784
0.790893, 0.0018659513946570692
0.689751, 0.000554296958729279
0.614218, 0.0010481762834753576
0.821797, 0.0017702765851908045
0.411821, 0.0003972351841220792
0.912671, 0.0004184381681142697
0.790872, 0.009000112200432588
0.955298, 0.00021757328327392676
0.540388, 0.0
0.603233, 0.0006740630152984145
0.76815, 1.3436095460970137e-07
0.617832, 0.012623420657665838
0.67004, 0.0032519290710875753
0.646193, 0.004729997326983251
0.720674, 0.0011640373533304436
0.728633, 0.0013947078563467197
0.540388, 0.0
0.683029, 0.0025295315064239833
0.980108, 0.0022612472404724185
0.782183, 0.0
0.839898, 0.0004268319016794151
0.556652, 0.002572342578217825
0.98797, 0.004328923592912359
0.849646, 0.0011575290985915807
0.986123, 0.0021236426920573544
0.855986, 0.0030285427235028804
0, 0.0
0, 0.0
0.984126, 0.006755415293394778
0.8955, 0.0030746340561884637
0, 0.0
0.532615, 0.0
0.981069, 0.0038655182788397543
0.477833, 0.0018642748350398463
0.770903, 0.008396457636489833
0.863029, 0.0003748405342169451
0.415647, 0.0014651673445671975
0.837999, 0.0011448583155498407
0, 0.0
0.525195, 0.001238660763347591
0, 0.0
0.573189, 1.0557427022901865e-06
0, 0.5923179974437341
0.635805, 0.0
0.859818, 0.0007276219060622681
0.638747, 0.00031412648902815875
0.984598, 0.0002467672140469084
0.826993, 0.00023077039156317597
0.985503, 0.0025548014877294313
0.583407, 0.0017698584186651197
0.985337, 0.0043282421283094155
0.669653, 0.0031129447164242757
0.846566, 0.0002757964724905655
0.655407, 0.00029443577782847324
0.987008, 0.002590595780247643
0.880829, 0.0003441642105346572
0.9582, 0.00026684026645193263
0.848157, 0.006744985395578196
0.974288, 0.00040488121510247316
0.614721, 0.004987266162848582
0.983808, 0.0006625222805159413
0.68755, 0.0007199061335563061
0.954415, 0.00029808695492294636
0.698942, 0.002988087876743292
0.986315, 0.0002609925511565382
0.594565, 0.012083828031221136
0.923807, 0.0007254214638207069
0.806429, 0.0009472786719988403
0.983809, 0.004536364846667749
0.839793, 0.001999724681784321
0, 0.0
0.676764, 0.0007010611205478396
0, 0.0
0.408076, 0.0032448647438285583
0.937169, 0.0
0.755584, 0.006467510549371983
0.937169, 0.0
0.618121, 0.007990946633619262
0.98628, 0.00020158845945760003
0.571401, 0.0002611051373456744
0.986163, 0.00020158845945760003
0.512892, 8.46601522075273e-05
0.984638, 0.0001800694514697111
0.590092, 0.008713542562787998
0.954243, 0.00029808695492294636
0.566033, 0.001631263036354855
0.507085, 0.0036450657068876667
0.970408, 0.0001884201986151444
0.723273, 1.0772028117768173e-06
0.781444, 0.000509326025047859
0.904697, 0.00033718016783796967
0.673786, 0.0012191667633376067
0.680944, 0.0009734900804479046
0.812901, 0.019893070281156854
0.831387, 0.0002042905470021125
0.480438, 0.00024099652745513764
0.783359, 0.00027187660658811784
0.360409, 0.0
0.937169, 0.0
0.378382, 0.0019962069905172467
0.937169, 0.0
0.472425, 0.00020709570321636943
0.937169, 0.0
0.523349, 0.0
0.937169, 0.0
0.577131, 0.0015097773567453933
0.576264, 3.5078070310262866e-07
0.30023, 0.00011137477847478537
0, 0.0
0.759863, 1.1023926041828107e-07
0, 0.0
0.531338, 0.0
0, 0.0
0.639345, 0.002337726423674144
0, 0.0
0.479853, 0.010277086745349108
0.740625, 0.0010622473764179243
0.710911, 0.0006908599659842296
0.998909, 0.00764923773806213
0.589156, 0.0005879581572455142
0.998131, 0.004550473368926931
0.777418, 0.00019851034247815746
1.00322, 0.008219302609649549
0.593726, 0.002828465904459426
0.985617, 0.0077431796821656905
0.570348, 0.0014387458122534897
0.979751, 0.002559192507267338
0.622773, 0.0010323735481604737
0.785395, 0.009159246344699789
0.732107, 0.002476884541292194
1.00327, 0.003027362131772513
0.60468, 0.0
0.617669, 0.0014638604704435931
0.645726, 0.0043954358230703944
0.998037, 0.007612321678550222
0.617078, 0.004493057283983257
1.00567, 0.005006625094655483
0.35172, 0.0007138997991700213
0.958538, 8.003223253859506e-05
0.649437, 0.0
0.96275, 0.00010237411005795345
0.679703, 0.0017128879699137498
0.916442, 8.407852158645879e-05
0.674742, 0.0010734636951035869
0.966383, 0.00010237731536553391
0.740194, 0.001714838983949322
0.928613, 8.407068277885616e-05
0.482144, 0.0
0.859818, 0.0007276219060622681
0.654628, 0.00029851165326791654
0.913342, 0.0
0.694956, 0.0023905225712238963
0.442249, 0.0008125822140487682
0.984276, 0.00027187660658811784
0.668351, 0.0051832061950938015
0.984675, 0.0
0.779609, 0.01772484405678807
0.575463, 0.002805278655087474
0.867573, 0.0
0.838821, 0.0013318090150240547
0.867573, 1.3566576619783299e-08
0.676833, 0.00343431203288385
0.866675, 0.007223041555899924
0.859818, 0.0007276220619468536
0.712721, 0.0
0.887553, 3.070526613174586e-05
0.456818, 5.8319617737865684e-05
0.92002, 0.0007137822375881283
0.959994, 0.00011060808041126911
0.764771, 0.0012028578678502635
0.960122, 6.906841226442043e-09
0.714531, 0.00526953141334857
0.901831, 0.0011771500703618139
0.948211, 9.274733298701127e-05
0.893597, 0.0
0.505141, 0.0
0, 0.0
0.608765, 0.0
0.468774, 1.503651041138519e-07
0.624087, 0.0037459446522281332
0.667446, 0.004689558213018518
0.721403, 0.002786749856821454
0.943221, 0.0070090002878096715
0.568722, 0.0032745498834577816
0.838329, 0.0031792603805276772
0.838638, 0.002000035310826937
0.961358, 0.0011753987360552753
0.571767, 0.002146406989768489
0.974709, 0.0006985573631631537
0.854885, 0.00062915648619427
0.916524, 0.0003497635735353092
0.671917, 0.0032518626736508507
0.963458, 0.0004701595856434859
0.490374, 0.004836392698986602
0.918318, 0.00018875605371549266
0.751804, 0.0017183725944953977
0.918069, 0.00013259019827619034
0.515482, 0.0001782546829380888
0.582974, 0.0012354084058327193
0.688425, 0.0009983561031410826
0.989362, 0.0027437629051626253
0.639752, 0.005307991451817458
0.986572, 0.0017923791425423566
0.937169, 0.0
0.973285, 0.0005768107070729258
0.548632, 0.0
0.936172, 0.0007795282182831585
0.607041, 2.954705472247926e-07
0, 0.0
0.745992, 0.0013874494775202638
0, 0.0
0.59881, 0.0073456355196336535
0.566089, 0.0012398667987195218
0.483454, 0.0019183467889511364
0.354523, 4.605580832352925e-07
0.484861, 8.763426530439815e-07
0.578406, 0.0022748193718003466
0.660262, 0.0001371743565056629
0.530737, 0.0
0.621297, 0.004088699002983064
0.937169, 0.0
0.722263, 0.0010368261035717564
0.889941, 7.728988026513794e-09
0.496112, 0.002570256504783528
0.88987, 0.00012378119571499876
0.637713, 0.013607315558893175
0.889727, 7.675294485495787e-09
0.594807, 0.003204288536629972
0.846611, 0.006807681125826257
0.871428, 0.00032053857056262225
0.848593, 0.005832300892015447
0.70608, 0.015526402050380188
0.835893, 0.0084494878533856
0.413997, 0.0
0.931712, 0.019089427562422556
0.717867, 0.010639942497886115
0.91105, 0.0008580933262928251
0.490119, 0.0007381196004258001
0.773368, 0.00014449777181608988
0.596147, 0.0002950522558384887
0.794973, 0.0
0.50544, 0.0005032186909247055
0.960058, 0.00011061148549623676
0.661062, 0.017483313888755955
1.0033, 0.002778024218553033
0.766943, 0.002036617205626754
0.726755, 0.00035449098381294236
0.641042, 0.0
0.992544, 0.00435644125966505
0.484535, 0.0005726860821088077
0.99387, 0.006771620041563709
0.667029, 0.0030784926092809967
0.644729, 0.0019156186149395637
1.00073, 0.002270870903241639
0.626017, 0.009455869393917099
0.998331, 0.00944776248626401
0.93617, 0.00032779454246897123
1.00534, 0.009729103110728731
0.671262, 0.0008971824286039577
0.65682, 0.0017576965131139517
0.679689, 0.003368366568813327
0.687215, 0.00852010809758723
0.646798, 0.0003056151811838165
0.831861, 0.003622246745809501
0.819421, 0.001482759292497113
0.831066, 4.678003030827734e-08
0.798147, 6.083296433311344e-05
0.618163, 1.4400518674779974e-05
0.946402, 0.00023959929136799086
0.81053, 0.0005881989070689606
0.936359, 0.00032780480448324413
0.614737, 0.000901707389976665
0.946402, 0.00023959929136799086
0.653324, 0.002971721364931883
0.922803, 0.0002010269505250701
0.623948, 0.004838932745722384
0.90294, 3.496721906222633e-08
0.790301, 0.00051154702177968
0.978197, 0.007504208509262512
0.680463, 0.005710757119119155
0.981985, 0.0027190230545258583
0.567988, 0.0003028187238427324
0.978719, 0.0034386570238574463
0.562173, 5.773503169598012e-12
0.91112, 0.00042012884426949565
0.64491, 0.018964573150950848
0.916019, 0.007870406865912786
0.298669, 0.0
0.898265, 0.0018666654038539399
0.656737, 0.0018090843676797819
0.972449, 0.007611817629469438
0.438538, 0.0017776598383686879
0.96754, 0.008158949870339263
0.716026, 0.0
0.963665, 0.006484347026925727
0.673156, 0.01924088594535915
0.970559, 0.0012097381913499824
0.852424, 0.00839255258135758
0.666663, 0.0012098760907258638
0.636488, 0.0
0.695294, 0.0020965112727233275
0.799606, 0.010154662365064926
0.867573, 1.3567153957280508e-08
0.438538, 0.0017776598383686879
0.867448, 0.00021726685577325844
0.582637, 0.002608163357713968
0.40385, 0.0
0.720211, 0.0019025764611520723
0.976866, 0.006985940227774028
0.62066, 0.007117576168163143
0.822978, 0.007605413411049885
0.727895, 0.0010261192779960797
0.859818, 0.0007276220619468536
0.661026, 0.025899041991709122
0.859818, 0.0007276220619468536
0.983586, 0.005234000341821272
0.769027, 2.2992293197163088e-05
0.59008, 0.002397421964675734
0.937169, 0.0
0.722546, 0.0006800725965154033
0.937169, 0.0
0.637204, 0.0006930114837016518
0.937169, 0.0
0.321017, 0.0012022901423561119
0.937169, 0.0
0.497596, 4.863309992370697e-07
0.937169, 0.0
0.808546, 0.0
0.877826, 0.0
0.829476, 0.0003744782001571739
0.818177, 0.009214562687913192
0.986527, 0.00047469128528428183
0.552712, 0.007279500263446328
0.978666, 0.008251609837623955
0.944943, 0.0013743378944762394
0.983808, 0.0006625222805159413
0.498702, 0.003683387128207187
0.634095, 5.670201969295155e-05
0.550821, 0.0021920298910451993
0.874088, 0.007344419640815909
0.416167, 0.0
0.990724, 0.0038565219006676714
0.75693, 0.0009088467114283906
0.667336, 0.0003623887816666829
