[1] "All configurations:"
[1] 500
               glu1          ac1         o21        glu2          ac2
glu1     1.00000000 -0.039102186  0.18797552  0.32624660 -0.039105786
ac1     -0.03910219  1.000000000 -0.02262660 -0.02203652 -0.023982335
o21      0.18797552 -0.022626604  1.00000000  0.27875063  0.058097368
glu2     0.32624660 -0.022036523  0.27875063  1.00000000  0.116045647
ac2     -0.03910579 -0.023982335  0.05809737  0.11604565  1.000000000
o22      0.31673551 -0.022720704  0.17137215  0.21759478 -0.006438769
sd       0.11617094 -0.005187971 -0.02693560  0.09003142  0.076717925
fitness -0.76650701  0.041323627 -0.51940937 -0.74561560 -0.049059730
                 o22           sd     fitness
glu1     0.316735507  0.116170936 -0.76650701
ac1     -0.022720704 -0.005187971  0.04132363
o21      0.171372147 -0.026935597 -0.51940937
glu2     0.217594776  0.090031417 -0.74561560
ac2     -0.006438769  0.076717925 -0.04905973
o22      1.000000000  0.075998680 -0.55974660
sd       0.075998680  1.000000000 -0.11933516
fitness -0.559746598 -0.119335165  1.00000000
[1] "Sd<0.1:"
[1] 500
               glu1          ac1         o21        glu2          ac2
glu1     1.00000000 -0.039102186  0.18797552  0.32624660 -0.039105786
ac1     -0.03910219  1.000000000 -0.02262660 -0.02203652 -0.023982335
o21      0.18797552 -0.022626604  1.00000000  0.27875063  0.058097368
glu2     0.32624660 -0.022036523  0.27875063  1.00000000  0.116045647
ac2     -0.03910579 -0.023982335  0.05809737  0.11604565  1.000000000
o22      0.31673551 -0.022720704  0.17137215  0.21759478 -0.006438769
sd       0.11617094 -0.005187971 -0.02693560  0.09003142  0.076717925
fitness -0.76650701  0.041323627 -0.51940937 -0.74561560 -0.049059730
                 o22           sd     fitness
glu1     0.316735507  0.116170936 -0.76650701
ac1     -0.022720704 -0.005187971  0.04132363
o21      0.171372147 -0.026935597 -0.51940937
glu2     0.217594776  0.090031417 -0.74561560
ac2     -0.006438769  0.076717925 -0.04905973
o22      1.000000000  0.075998680 -0.55974660
sd       0.075998680  1.000000000 -0.11933516
fitness -0.559746598 -0.119335165  1.00000000
