glu1	ac1	o21	glu2	ac2	o22	sd	fitness
142	-20	-16	-7	-20	0	-7	0	0.870731
160	-20	-6	-7	-20	-18	-7	0	0.870731
195	-20	0	-7	-20	-18	-7	0	0.870731
335	-20	-18	-7	-20	0	-7	0	0.870731
369	-20	-16	-7	-20	-12	-7	0	0.870731
371	-20	-18	-7	-20	-12	-7	0	0.870731
373	-20	-16	-7	-20	-6	-7	0	0.870731
382	-20	-12	-7	-20	-6	-7	0	0.870731
386	-20	-18	-7	-20	-2	-7	0	0.870731
392	-20	-12	-7	-20	-2	-7	0	0.870731
415	-20	-10	-7	-20	-10	-7	0	0.870731
417	-20	-8	-7	-20	-8	-7	0	0.870731
419	-20	-8	-7	-20	0	-7	0	0.870731
421	-20	-6	-7	-20	-10	-7	0	0.870731
423	-20	0	-7	-20	-16	-7	0	0.870731
445	-20	-14	-7	-20	-18	-7	0	0.870731
447	-20	-12	-7	-20	-18	-7	0	0.870731
449	-20	-18	-7	-20	-16	-7	0	0.870731
451	-20	-12	-7	-20	-16	-7	0	0.870731
453	-20	-4	-7	-20	-18	-7	0	0.870731
478	-20	-4	-7	-20	-2	-7	0	0.870731
485	-20	-2	-7	-20	-16	-7	0	0.870731
487	-20	0	-7	-20	-4	-7	0	0.870731
489	-20	0	-7	-20	-14	-7	0	0.870731
491	-20	0	-7	-20	-2	-7	0	0.870731
138	-20	-14	-6	-20	-10	-7	0	0.845726
162	-20	-6	-6	-20	-10	-7	0	0.845726
205	-20	-12	-7	-20	-12	-6	0	0.845726
209	-20	-16	-7	-20	0	-6	0	0.845726
305	-20	-14	-6	-20	0	-7	0	0.845726
345	-20	-18	-7	-20	0	-6	0	0.845726
348	-20	0	-7	-20	-18	-6	0	0.845726
350	-20	-10	-7	-20	-12	-6	0	0.845726
375	-20	-18	-6	-20	-14	-7	0	0.845726
377	-20	-18	-6	-20	0	-7	0	0.845726
379	-20	-18	-6	-20	-12	-7	0	0.845726
164	-20	-8	-7	-18	-18	-7	0	0.842947
267	-18	0	-7	-20	-18	-7	0	0.842947
154	-20	-2	-5	-20	-16	-7	0	0.82072
156	-20	-2	-5	-20	-8	-7	0	0.82072
158	-20	-4	-5	-20	-18	-7	0	0.82072
197	-20	0	-5	-20	-4	-7	0	0.82072
199	-20	0	-5	-20	-8	-7	0	0.82072
201	-20	0	-7	-20	0	-5	0	0.82072
207	-20	-14	-6	-20	-4	-6	0	0.82072
211	-20	-8	-7	-20	0	-5	0	0.82072
213	-20	-12	-6	-20	-10	-6	0	0.82072
245	-20	-18	-7	-20	-16	-5	0	0.82072
307	-20	-14	-6	-20	0	-6	0	0.82072
494	-20	-16	-5	-20	0	-7	0	0.82072
109	-18	-4	-6	-20	-18	-7	0	0.817942
134	-18	-16	-6	-20	-18	-7	0	0.817942
285	-18	0	-7	-20	-18	-6	0	0.817942
287	-18	-12	-7	-20	-12	-6	0	0.817942
289	-18	-4	-7	-20	-6	-6	0	0.817942
291	-18	-10	-7	-20	0	-6	0	0.817942
293	-18	-18	-7	-20	-10	-6	0	0.817942
429	-20	-2	-7	-18	-16	-6	0	0.817942
431	-20	-2	-7	-18	-6	-6	0	0.817942
434	-20	0	-7	-18	-4	-6	0	0.817942
98	-16	-10	-7	-20	-10	-7	0	0.815164
111	-16	-10	-7	-20	-2	-7	0	0.815164
140	-18	-16	-7	-18	-8	-7	0	0.815164
225	-20	0	-7	-16	0	-7	0	0.815164
231	-20	-10	-7	-16	0	-7	0	0.815164
470	-20	0	-7	-16	-8	-7	0	0.815164
474	-20	0	-7	-16	-16	-7	0	0.815164
165	-20	-2	-4	-20	-12	-7	0	0.795715
167	-20	-8	-4	-20	-16	-7	0	0.795715
169	-20	-4	-4	-20	-18	-7	0	0.795715
171	-20	-2	-4	-20	-16	-7	0	0.795715
173	-20	-6	-4	-20	-14	-7	0	0.795715
235	-20	-10	-7	-20	-6	-4	0	0.795715
237	-20	0	-7	-20	-18	-4	0	0.795715
239	-20	0	-7	-20	-6	-4	0	0.795715
241	-20	-12	-7	-20	-4	-4	0	0.795715
243	-20	-4	-7	-20	-10	-4	0	0.795715
279	-20	-8	-5	-20	0	-6	0	0.795715
283	-20	-16	-6	-20	-10	-5	0	0.795715
102	-20	-18	-7	-18	-12	-5	0	0.792937
114	-20	-10	-6	-18	0	-6	0	0.792937
116	-20	-10	-6	-18	-18	-6	0	0.792937
118	-20	-10	-7	-18	-14	-5	0	0.792937
143	-18	-18	-7	-20	-16	-5	0	0.792937
203	-20	-2	-5	-18	-4	-7	0	0.792937
92	-20	-10	-6	-16	0	-7	0	0.790159
107	-16	-10	-6	-20	-10	-7	0	0.790159
136	-16	-12	-6	-20	-10	-7	0	0.790159
227	-20	-16	-7	-16	-8	-6	0	0.790159
229	-20	-16	-7	-16	0	-6	0	0.790159
265	-16	0	-6	-20	-16	-7	0	0.790159
472	-20	0	-7	-16	-12	-6	0	0.790159
132	-16	-12	-7	-18	0	-7	0	0.78738
179	-14	-6	-7	-20	-2	-7	0	0.78738
405	-14	-14	-7	-20	-18	-7	0	0.78738
407	-14	0	-7	-20	-18	-7	0	0.78738
233	-20	-14	-6	-20	0	-4	0	0.77071
277	-20	-12	-5	-20	-18	-5	0	0.77071
281	-20	-18	-5	-20	-16	-5	0	0.77071
466	-20	-16	-4	-20	-6	-6	0	0.77071
120	-18	-10	-5	-20	-8	-6	0	0.767932
153	-18	-18	-6	-20	-4	-5	0	0.767932
259	-18	-10	-4	-20	-4	-7	0	0.767932
263	-18	-14	-4	-20	-4	-7	0	0.767932
300	-18	-4	-5	-20	-18	-6	0	0.767932
312	-18	-2	-4	-20	-14	-7	0	0.767932
365	-20	-8	-6	-18	0	-5	0	0.767932
408	-20	-4	-4	-18	-18	-7	0	0.767932
409	-18	-12	-7	-20	-10	-4	0	0.767932
411	-18	-18	-7	-20	-14	-4	0	0.767932
413	-18	-2	-7	-20	-18	-4	0	0.767932
110	-16	-10	-6	-20	-10	-6	0	0.765154
112	-16	-10	-7	-20	0	-5	0	0.765154
145	-18	-16	-7	-18	-8	-5	0	0.765154
147	-18	-18	-7	-18	-12	-5	0	0.765154
149	-18	-16	-7	-18	-14	-5	0	0.765154
367	-20	-4	-7	-16	0	-5	0	0.765154
181	-14	-2	-6	-20	-8	-7	0	0.762375
353	-18	-6	-6	-16	-10	-7	0	0.762375
64	-20	-10	-7	-12	-2	-7	0	0.759597
88	-20	-10	-7	-12	0	-7	0	0.759597
177	-14	-2	-7	-18	-8	-7	0	0.759597
183	-14	-6	-7	-18	-8	-7	0	0.759597
361	-20	-8	-6	-20	0	-3	0	0.745705
47	-20	-6	-3	-18	-8	-7	0	0.742927
249	-20	-2	-4	-18	-12	-6	0	0.742927
251	-20	-6	-4	-18	-2	-6	0	0.742927
269	-20	-8	-6	-18	-18	-4	0	0.742927
425	-20	-16	-7	-18	-2	-3	0	0.742927
427	-20	-2	-7	-18	-2	-3	0	0.742927
465	-18	-6	-7	-20	-18	-3	0	0.742927
151	-18	-14	-6	-18	-2	-5	0	0.740149
255	-16	-14	-4	-20	-18	-7	0	0.740149
261	-16	-10	-4	-20	-12	-7	0	0.740149
315	-20	-16	-7	-16	-18	-4	0	0.740149
317	-20	-14	-7	-16	-2	-4	0	0.740149
323	-20	-8	-4	-16	-16	-7	0	0.740149
435	-20	-16	-5	-16	0	-6	0	0.740149
483	-16	-12	-7	-20	-18	-4	0	0.740149
77	-20	-2	-5	-14	-2	-7	0	0.73737
94	-16	-6	-5	-18	-18	-7	0	0.73737
125	-18	-2	-6	-16	-8	-6	0	0.73737
452	-14	-18	-5	-20	-2	-7	0	0.73737
79	-20	-2	-6	-12	-18	-7	0	0.734592
121	-16	-4	-7	-16	-2	-6	0	0.734592
123	-16	-4	-7	-16	-8	-6	0	0.734592
127	-16	0	-7	-16	-18	-6	0	0.734592
175	-14	-8	-7	-16	-4	-7	0	0.731814
63	-20	-18	-1	-20	-10	-7	0	0.7207
357	-20	-2	-5	-20	-4	-3	0	0.7207
363	-20	-14	-5	-20	-4	-3	0	0.7207
200	-20	-14	-2	-18	-6	-7	0	0.717922
247	-20	0	-4	-18	-14	-5	0	0.717922
253	-20	-8	-4	-18	-4	-5	0	0.717922
271	-20	0	-5	-18	-2	-4	0	0.717922
273	-20	0	-5	-18	0	-4	0	0.717922
319	-20	-18	-6	-16	-10	-4	0	0.715144
257	-14	-14	-4	-20	-12	-7	0	0.712365
275	-14	-8	-7	-20	-18	-4	0	0.712365
321	-18	-14	-4	-16	0	-7	0	0.712365
331	-14	-4	-5	-20	0	-6	0	0.712365
391	-16	-6	-4	-18	-14	-7	0	0.712365
83	-20	-2	-5	-12	-2	-7	0	0.709587
90	-20	-12	-5	-12	0	-7	0	0.709587
96	-18	-8	-5	-14	-8	-7	0	0.709587
129	-16	-2	-7	-16	-12	-5	0	0.709587
131	-16	-2	-6	-16	-10	-6	0	0.709587
101	-18	-10	-6	-12	0	-7	0	0.706809
105	-18	-12	-6	-12	0	-7	0	0.706809
103	-16	-10	-7	-12	0	-7	0	0.70403
303	-20	-18	-7	-8	-16	-7	0	0.695874
130	-20	0	-6	-20	-8	-1	0	0.695695
355	-20	-4	-4	-20	0	-3	0	0.695695
359	-20	-10	-4	-20	-18	-3	0	0.695695
55	-20	-6	-1	-18	-8	-7	0	0.692917
59	-20	-8	-1	-18	-2	-7	0	0.692917
65	-20	-2	-1	-18	-8	-7	0	0.692917
468	-18	-4	-6	-20	-18	-2	0	0.692917
343	-20	-14	-2	-16	-14	-7	0	0.690139
14	-18	-12	-4	-16	-18	-6	0	0.68736
327	-14	-10	-4	-20	-4	-6	0	0.68736
329	-14	-4	-4	-20	-2	-6	0	0.68736
87	-20	-6	-4	-12	-10	-7	0	0.684582
325	-14	-8	-5	-18	-4	-6	0	0.684582
38	-18	-18	-7	-12	-2	-5	0	0.681804
380	-18	-8	-7	-12	-6	-5	0	0.681804
436	-12	-4	-5	-18	-2	-7	0	0.681804
99	-16	-8	-6	-12	0	-7	0	0.679025
295	-20	-12	-7	-8	-2	-6	0	0.674545
297	-20	-16	-7	-8	-8	-6	0	0.674545
301	-20	-10	-7	-8	-4	-6	0	0.674545
215	-20	-18	-3	-18	-16	-4	0	0.667912
217	-20	-6	-3	-18	-8	-4	0	0.667912
219	-20	-10	-3	-18	-10	-4	0	0.667912
221	-20	-14	-3	-18	-4	-4	0	0.667912
223	-20	-2	-3	-18	-16	-4	0	0.667912
370	-18	-10	-3	-20	-8	-4	0	0.667912
57	-16	-4	-1	-20	-8	-7	0	0.665134
152	-16	0	-2	-20	-8	-6	0	0.665134
155	-18	-6	-2	-18	-12	-6	0	0.665134
280	-20	-2	-7	-16	-10	-1	0	0.665134
337	-20	-14	-1	-16	-8	-7	0	0.665134
339	-20	-10	-1	-16	-16	-7	0	0.665134
341	-20	-12	-1	-16	-6	-7	0	0.665134
85	-20	-2	-2	-14	-8	-7	0	0.662355
106	-18	-6	-6	-16	-10	-3	0	0.662355
296	-20	-16	-2	-14	-18	-7	0	0.662355
220	-16	-10	-5	-14	0	-6	0	0.656799
46	-16	-12	-7	-12	-4	-5	0	0.65402
50	-16	-14	-7	-12	-2	-5	0	0.65402
172	-14	-4	-6	-14	-18	-6	0	0.65402
97	-12	-10	-7	-14	-14	-6	0	0.651242
286	-16	-6	-7	-10	-14	-6	0	0.650968
299	-20	-14	-6	-8	-18	-6	0	0.649539
308	-20	-14	-6	-8	-16	-6	0	0.649539
481	-20	-10	-5	-8	-10	-7	0	0.645861
150	-8	-10	-7	-18	-12	-6	0	0.643082
66	-16	-12	-7	-8	0	-7	0	0.640304
93	-18	-12	-6	-18	-10	-1	0	0.640129
410	-16	-16	-1	-20	-8	-6	0	0.640129
459	-20	0	-6	-6	-8	-7	0	0.638874
461	-20	0	-6	-6	-12	-7	0	0.638874
61	-16	-2	-1	-18	-8	-7	0	0.637351
333	-14	0	-2	-20	-6	-6	0	0.637351
30	-18	-10	-5	-16	-12	-3	0	0.63735
384	-18	-2	-4	-16	-16	-4	0	0.63735
344	-18	0	-4	-14	-2	-5	0	0.634572
378	-16	-2	-5	-16	-18	-4	0	0.634572
228	-12	-14	-4	-18	-14	-6	0	0.631794
397	-14	0	-7	-16	0	-3	0	0.631794
442	-20	-2	-5	-10	-14	-5	0	0.631794
484	-14	-10	-4	-16	-4	-6	0	0.631794
450	-10	-16	-4	-18	-10	-7	0	0.629016
298	-8	0	-5	-20	-10	-6	0	0.62821
25	-20	-16	-3	-10	-12	-7	0	0.627841
270	-10	-18	-7	-20	-18	-3	0	0.627841
349	-20	-12	-1	-20	-14	-3	0	0.62068
68	-18	-8	-5	-8	0	-7	0	0.618076
254	-16	0	-5	-20	-14	-1	0	0.615124
80	-20	0	-7	-12	-2	-1	0	0.609567
81	-20	0	-1	-12	-14	-7	0	0.609567
234	-18	-8	-4	-14	-16	-4	0	0.609567
292	-14	-10	-5	-18	-8	-3	0	0.609567
412	-16	-6	-3	-16	-6	-5	0	0.609567
418	-16	-8	-1	-16	-8	-7	0	0.609567
29	-18	-18	-3	-12	-2	-6	0	0.606789
399	-14	0	-7	-16	-12	-2	0	0.606789
403	-14	0	-7	-16	-10	-2	0	0.606789
44	-16	-10	-6	-12	-10	-4	0	0.604011
208	-18	0	-6	-10	-8	-4	0	0.604011
302	-18	-6	-7	-10	-14	-3	0	0.604011
366	-10	0	-3	-18	-12	-7	0	0.604011
146	-14	-16	-5	-14	-18	-5	0	0.60401
89	-10	-14	-6	-18	-8	-4	0	0.603734
54	-16	-8	-7	-10	-10	-4	0	0.601232
322	-10	-16	-5	-16	-12	-6	0	0.601232
402	-16	-14	-7	-10	-6	-4	0	0.601232
389	-10	-18	-7	-16	-12	-4	0	0.597278
439	-20	-14	-4	-16	-2	-1	0	0.590119
443	-18	-16	-3	-18	-2	-2	0	0.590119
495	-20	-4	-4	-16	-14	-1	0	0.590119
1	-10	-18	-7	-10	-18	-7	0	0.58495
23	-18	-4	-2	-12	-18	-6	0	0.581784
395	-14	-2	-7	-16	-4	-1	0	0.581784
401	-14	0	-7	-16	-10	-1	0	0.581784
430	-18	-12	-5	-12	-4	-3	0	0.581784
432	-14	-6	-4	-16	-10	-4	0	0.581784
31	-20	-14	-2	-10	-2	-6	0	0.581506
499	-14	-16	-7	-6	-8	-7	0	0.580525
48	-16	-10	-6	-12	0	-3	0	0.579006
170	-18	-6	-4	-10	-16	-5	0	0.579006
358	-20	-12	-6	-8	-6	-3	0	0.579005
8	-2	-12	-7	-20	-16	-7	0	0.577194
52	-16	-10	-7	-10	-2	-3	0	0.576227
328	-12	-8	-6	-14	-12	-4	0	0.576227
45	-14	-2	-7	-10	0	-4	0	0.573449
128	-10	-18	-5	-12	0	-7	0	0.570671
76	-18	-18	-3	-8	0	-7	0	0.568063
16	-4	-6	-7	-16	-2	-7	0	0.566767
326	-6	-8	-5	-16	-6	-7	0	0.565652
390	-20	-12	-1	-16	-8	-3	0	0.565114
441	-18	-12	-3	-18	-4	-1	0	0.565114
35	-6	-12	-6	-18	-14	-5	0	0.564753
73	-20	-10	-2	-14	-14	-3	0	0.562335
60	-6	-6	-6	-16	-10	-6	0	0.561975
117	-16	-18	-1	-14	-18	-6	0	0.556779
159	-20	-10	-5	-10	-4	-2	0	0.556779
166	-16	-8	-4	-14	-10	-3	0	0.556779
340	-20	-12	-3	-10	-2	-4	0	0.556779
368	-14	-4	-3	-16	-18	-4	0	0.556779
400	-14	-14	-6	-16	-12	-1	0	0.556779
416	-16	-16	-6	-14	-12	-1	0	0.556779
428	-10	-4	-2	-20	-6	-5	0	0.556779
469	-18	-8	-6	-12	-18	-1	0	0.556779
240	-10	-16	-6	-20	-18	-1	0	0.556499
394	-8	-8	-4	-20	-8	-4	0	0.554
404	-12	-2	-7	-16	0	-1	0	0.554
476	-14	-16	-5	-14	-4	-3	0	0.554
27	-18	-18	-2	-10	0	-6	0	0.553721
420	-20	-16	-5	-6	-4	-4	0	0.54988
4	-10	-2	-4	-14	-8	-6	0	0.548444
284	-8	-18	-6	-18	-6	-3	0	0.546734
318	-6	-4	-4	-16	0	-7	0	0.544323
498	-16	-8	-7	-6	-18	-4	0	0.544323
218	-18	-12	-5	-6	-16	-5	0	0.543424
70	-18	-18	-2	-8	0	-7	0	0.543056
462	-20	-16	-3	-6	-12	-6	0	0.542525
192	-12	-8	-4	-10	-4	-7	0	0.541708
13	-2	-14	-6	-20	-18	-6	5.57143055866208e-10	0.53627
163	-8	-12	-7	-12	-2	-5	0	0.53472
34	-20	-2	-4	-12	-6	-1	0	0.534552
19	-4	0	-5	-16	-14	-7	0	0.533659
490	-10	-8	-5	-20	-14	-1	0	0.531774
144	-4	0	-6	-20	-18	-4	0	0.531159
456	-20	-6	-5	-6	-4	-3	0	0.526217
288	-14	-18	-6	-10	-16	-3	0	0.523439
475	-12	-8	-3	-12	-4	-6	0	0.523439
74	-18	-6	-1	-8	0	-7	0	0.518049
91	-8	-8	-6	-14	-10	-4	0	0.51617
174	-16	-6	-5	-6	-6	-5	0	0.515639
72	-16	-4	-2	-8	0	-7	0	0.515271
78	-6	-16	-6	-18	-10	-3	0	0.51474
28	-10	-12	-4	-10	-8	-7	0	0.513923
437	-16	-12	-2	-18	0	-1	0	0.512325
212	-2	-14	-6	-20	-16	-5	0	0.511263
75	-16	-6	-6	-4	0	-5	0	0.508652
226	-8	-16	-7	-10	-16	-5	0	0.506936
342	-8	-14	-7	-10	-14	-5	0	0.506936
356	-18	-16	-4	-12	-18	-1	0	0.506769
198	-20	-12	-3	-4	-6	-6	0	0.506152
473	-12	-18	-1	-16	-2	-5	0	0.50399
115	-12	-16	-5	-14	-8	-2	0	0.501212
168	-16	-12	-4	-10	-12	-3	0	0.501212
216	-10	-18	-5	-16	-12	-2	0	0.501212
294	-14	-4	-2	-12	-6	-5	0	0.501212
242	-6	-10	-4	-20	-2	-3	0	0.499867
17	-4	-10	-6	-14	-16	-6	0	0.497816
119	-12	-2	-5	-10	-10	-4	0	0.495655
387	-14	0	-5	-8	-12	-4	0	0.495655
15	-4	-10	-3	-18	-14	-6	0	0.493779
351	-8	-6	-5	-12	-6	-5	0	0.492063
95	-10	-16	-7	-12	-4	-2	0	0.491695
457	-14	0	-5	-4	-2	-7	0	0.488969
354	-12	-16	-2	-20	0	-1	0	0.484542
252	-12	-8	-2	-18	-18	-2	0	0.481764
313	-14	-14	-1	-16	-14	-3	0	0.481764
187	-2	-2	-7	-20	-18	-4	0	0.478374
12	-20	-14	-3	-6	-14	-3	0	0.476207
82	-12	-10	-1	-14	-18	-5	0	0.476207
440	-10	-18	-2	-16	-2	-4	0	0.476207
185	-2	-14	-7	-18	-6	-4	0	0.474389
191	-2	-14	-7	-18	-18	-4	0	0.474389
193	-2	-6	-7	-18	-2	-4	0	0.474389
336	-12	-6	-3	-12	-10	-4	0	0.473429
9	-8	-6	-1	-14	-4	-7	0	0.47065
246	-14	-12	-7	-8	-8	-1	0	0.47065
426	-2	-2	-7	-14	-12	-7	0	0.470038
11	-14	-12	-4	-4	-10	-7	0	0.463962
422	-12	-8	-6	-6	-16	-4	0	0.463746
486	-8	-4	-3	-10	-8	-7	0	0.461131
21	-2	-14	-3	-16	-16	-7	0	0.457384
388	-14	-6	-2	-16	-4	-1	0	0.456759
454	-4	-12	-4	-12	-18	-7	0	0.456759
398	-16	-10	-1	-12	-8	-3	0	0.453981
304	-12	0	-2	-16	-18	-2	0	0.45398
364	-20	-12	-3	-8	-14	-1	0	0.45398
467	-6	-8	-7	-12	-14	-3	0	0.452714
56	-6	-10	-3	-20	-8	-2	0	0.451202
86	-12	-6	-3	-14	-16	-2	0	0.451202
222	-14	-4	-4	-12	-18	-1	0	0.451202
260	-8	-14	-4	-18	-16	-1	0	0.451202
272	-6	-18	-4	-20	-12	-1	0	0.449854
262	-8	-16	-3	-16	-14	-3	0	0.448424
189	-2	-12	-7	-16	-8	-4	0	0.446604
463	-14	0	-6	-2	-2	-6	0	0.445032
104	-10	-10	-4	-10	-14	-4	0	0.442867
500	-4	-12	-3	-16	-16	-5	0	0.440987
232	-10	-4	-5	-8	0	-4	0	0.440089
250	-8	0	-3	-10	-6	-6	0	0.439802
180	-6	-14	-4	-10	-14	-6	0	0.435647
360	-6	-14	-6	-14	-10	-2	0	0.434164
33	-4	-12	-5	-16	-16	-3	0	0.433632
309	-14	-6	-1	-16	0	-1	0	0.431754
311	-14	-10	-1	-16	-4	-1	0	0.431754
84	-14	-12	-7	-2	-18	-3	0	0.429599
176	-6	-14	-6	-10	-18	-4	0	0.428607
133	-4	-10	-5	-12	-4	-5	0	0.428075
188	-8	-8	-1	-18	-16	-3	0	0.426197
372	-18	-16	-2	-8	-2	-2	0	0.426197
496	-6	-12	-5	-8	-16	-6	0	0.424983
196	-18	-12	-2	-2	-6	-7	0	0.424376
26	-18	-8	-3	-6	-4	-2	0	0.423419
41	-8	-10	-4	-16	-2	-1	0	0.423419
236	-4	0	-2	-20	-16	-3	0	0.423419
438	-4	-8	-2	-20	-16	-3	0	0.423419
202	-2	0	-6	-16	-2	-5	0	0.423213
455	-16	0	-5	-2	0	-7	0	0.423213
383	-4	-12	-6	-14	-4	-3	0	0.422797
393	-8	-16	-4	-6	-2	-7	0	0.422151
334	-10	-12	-4	-12	-10	-2	0	0.420641
282	-6	-14	-3	-16	-16	-3	0	0.42064
210	-12	-4	-7	-2	-14	-4	0	0.417973
324	-18	0	-6	-2	-8	-1	0	0.417862
446	-12	-18	-4	-8	-18	-3	0	0.417862
43	-6	-8	-5	-16	-12	-1	0	0.415613
40	-6	0	-1	-12	-8	-7	0	0.415084
51	-12	-2	-7	-6	-14	-1	0	0.415084
332	-4	-18	-2	-14	0	-6	0	0.415084
3	-10	-18	-6	-8	-8	-2	0	0.414795
310	-16	0	-4	-2	-2	-5	0	0.414682
316	-2	-12	-7	-10	-14	-6	0	0.412948
58	-4	-12	-5	-18	-16	-1	0	0.411404
381	-18	-12	-1	-4	-6	-5	0	0.411404
479	-4	-6	-5	-18	-14	-1	0	0.411404
122	-10	-12	-1	-18	-6	-1	0	0.40397
248	-14	-12	-4	-2	-16	-6	0	0.402901
214	-8	-16	-7	-6	-6	-3	0	0.401352
406	-18	-14	-2	-8	-16	-1	0	0.401192
230	-10	-12	-2	-14	0	-2	0	0.398414
244	-12	-2	-3	-12	-18	-1	0	0.398414
186	-8	-6	-6	-4	-12	-5	0	0.392989
274	-12	-12	-5	-8	-6	-1	0	0.392857
396	-4	0	-2	-16	-2	-4	0	0.392857
276	-16	-8	-3	-2	-16	-5	0	0.389676
320	-4	-8	-6	-8	-18	-5	0	0.388609
42	-8	-6	-4	-8	-12	-4	0	0.387301
137	-8	-8	-4	-8	-14	-4	0	0.387301
424	-2	-4	-1	-14	-10	-7	0	0.3873
148	-10	-6	-4	-6	0	-4	0	0.385948
161	-2	-12	-3	-18	0	-3	0	0.385143
338	-4	-6	-7	-10	-10	-3	0	0.383385
39	-2	-6	-6	-16	-12	-2	0	0.380673
224	-4	-10	-4	-10	-18	-5	0	0.378961
108	-10	-10	-4	-4	-8	-5	0	0.375284
53	-12	-2	-1	-12	-12	-2	0	0.373409
477	-16	-16	-1	-6	0	-3	0	0.37063
493	-8	-10	-3	-14	-6	-1	0	0.37063
206	-8	-4	-2	-12	-16	-3	0	0.367852
18	-14	-2	-5	-4	-18	-1	0	0.365073
126	-12	-8	-5	-6	-2	-1	0	0.365073
20	-16	-8	-1	-4	-12	-4	0	0.36229
100	-8	-14	-6	-2	-2	-6	0	0.357154
433	-2	-18	-5	-10	-14	-5	2.3671359790414e-10	0.356334
306	-2	-16	-3	-14	-16	-4	0	0.35458
492	-6	-2	-7	-2	-4	-6	0	0.354372
24	-2	-6	-6	-14	-12	-2	0	0.352888
5	-18	-10	-1	-2	-14	-4	0	0.351289
346	-6	-10	-4	-6	-4	-5	0	0.350331
458	-8	-16	-4	-4	-2	-5	0	0.347499
268	-14	-8	-1	-2	-10	-7	6.26425029802628e-10	0.3438
32	-2	-4	-6	-8	-18	-5	0	0.343708
376	-10	-2	-3	-10	-6	-1	0	0.342847
497	-10	-6	-1	-8	0	-4	0	0.340069
258	-16	-6	-1	-2	-10	-5	2.3671359790414e-10	0.339663
157	-2	-18	-6	-8	-16	-4	0	0.319546
314	-4	-2	-2	-6	0	-7	0	0.316567
194	-4	-16	-3	-14	-4	-1	0	0.313176
278	-10	-6	-5	-4	-2	-1	0	0.309507
374	-16	-16	-1	-2	-14	-3	0	0.307345
385	-6	0	-4	-2	-4	-7	0	0.306303
266	-8	-12	-1	-4	-2	-7	0	0.305587
22	-4	-8	-4	-4	-4	-6	0	0.303293
141	-2	-16	-4	-14	-6	-1	0	0.295719
6	-8	-10	-5	-2	-16	-3	0	0.295386
37	-2	-10	-1	-18	0	-1	0	0.292837
69	-14	0	-1	-4	0	-2	0	0.290059
482	-12	-6	-2	-6	-6	-1	0	0.290059
448	-12	-14	-1	-4	-4	-3	0	0.285391
460	-4	-10	-3	-12	0	-1	0	0.285391
204	-8	-8	-5	-4	-16	-1	0	0.280896
124	-8	-18	-3	-4	-12	-3	0	0.279834
178	-10	-14	-1	-2	-14	-6	5.5714302381683e-10	0.272312
113	-4	-12	-5	-6	-8	-2	0	0.2697
10	-2	-18	-5	-4	-6	-5	2.36713629953518e-10	0.263716
2	-4	-4	-2	-12	-2	-1	0	0.262275
62	-12	-16	-1	-4	0	-2	0	0.262275
256	-10	-18	-1	-6	-8	-2	0	0.262275
190	-10	-14	-1	-4	-4	-3	0	0.257606
352	-12	-14	-2	-2	-10	-2	0	0.257075
7	-2	-2	-3	-12	-8	-1	0	0.251775
414	-4	-18	-1	-4	-12	-7	0	0.250017
480	-6	-2	-4	-2	-14	-3	0	0.242063
139	-2	0	-4	-8	0	-2	0	0.237053
464	-6	-8	-2	-8	0	-1	0	0.234492
488	-2	-8	-7	-6	0	-1	0.0279427012697925	0.216526
67	-8	-18	-1	-2	-10	-4	0	0.212363
330	-4	-4	-5	-2	-2	-2	0	0.211692
444	-4	-12	-1	-10	-16	-1	0	0.209487
238	-2	-14	-1	-10	-10	-2	0	0.206708
182	-2	-8	-4	-4	0	-3	0	0.204899
49	-6	-2	-1	-2	-16	-5	2.36713629953518e-10	0.200737
347	-4	-2	-3	-4	-4	-2	0	0.199257
290	-6	-2	-2	-2	-12	-3	0	0.193426
36	-2	-14	-4	-2	-10	-6	0	0.186807
362	-2	-12	-5	-2	-4	-4	0	0.186807
135	-8	-10	-1	-4	-2	-1	0	0.181703
471	-2	-14	-2	-2	-2	-5	0.00951252139833365	0.162243
264	-8	0	-1	-2	-6	-1	0	0.15392
71	-6	0	-1	-2	0	-2	0	0.148713
184	-2	-14	-7	-2	-4	-3	0	0
