[1] "All configurations:"
[1] 500
                 glu1          ac1          o21         glu2           ac2
glu1     1.0000000000  0.084435749  0.079761482  0.120620008  0.0003854707
ac1      0.0844357494  1.000000000  0.119814785  0.046123990 -0.1041820077
o21      0.0797614817  0.119814785  1.000000000 -0.003206955 -0.0121311658
glu2     0.1206200082  0.046123990 -0.003206955  1.000000000 -0.0690012211
ac2      0.0003854707 -0.104182008 -0.012131166 -0.069001221  1.0000000000
o22     -0.1177070907 -0.086021811 -0.542818600  0.028393193  0.0886060912
sd       0.0543842210 -0.002763855 -0.148790902  0.083551955 -0.0866951473
fitness -0.1345695220 -0.068895891  0.088790099 -0.142214218  0.0872469332
                o22           sd     fitness
glu1    -0.11770709  0.054384221 -0.13456952
ac1     -0.08602181 -0.002763855 -0.06889589
o21     -0.54281860 -0.148790902  0.08879010
glu2     0.02839319  0.083551955 -0.14221422
ac2      0.08860609 -0.086695147  0.08724693
o22      1.00000000 -0.049478611 -0.01573405
sd      -0.04947861  1.000000000 -0.46700601
fitness -0.01573405 -0.467006011  1.00000000
[1] "Sd<0.1:"
[1] 467
               glu1         ac1          o21         glu2         ac2
glu1     1.00000000  0.07918447  0.078022826  0.107985635  0.01142953
ac1      0.07918447  1.00000000  0.117037995  0.027455946 -0.09630191
o21      0.07802283  0.11703800  1.000000000 -0.009013926 -0.01664176
glu2     0.10798564  0.02745595 -0.009013926  1.000000000 -0.04513088
ac2      0.01142953 -0.09630191 -0.016641756 -0.045130877  1.00000000
o22     -0.10684223 -0.08077518 -0.545377685  0.049622839  0.07551076
sd      -0.05158052 -0.06858172 -0.056455424 -0.089000887 -0.01939906
fitness -0.12466385 -0.08096303  0.021282238 -0.117644349  0.05489527
                 o22           sd     fitness
glu1    -0.106842234 -0.051580520 -0.12466385
ac1     -0.080775180 -0.068581723 -0.08096303
o21     -0.545377685 -0.056455424  0.02128224
glu2     0.049622839 -0.089000887 -0.11764435
ac2      0.075510759 -0.019399060  0.05489527
o22      1.000000000 -0.006901713 -0.04547117
sd      -0.006901713  1.000000000  0.26471562
fitness -0.045471174  0.264715621  1.00000000
