[1] "All configurations:"
[1] 500
               glu1          ac1         o21        glu2          ac2
glu1     1.00000000 -0.045966075 -0.04236163  0.19956048  0.047455304
ac1     -0.04596607  1.000000000  0.07349870 -0.11012413  0.007288308
o21     -0.04236163  0.073498699  1.00000000 -0.20358011 -0.012861629
glu2     0.19956048 -0.110124133 -0.20358011  1.00000000  0.102080401
ac2      0.04745530  0.007288308 -0.01286163  0.10208040  1.000000000
o22     -0.24164674 -0.105013970 -0.04431602 -0.10195336  0.012310387
sd       0.03298065 -0.006517077 -0.05209759  0.04364084  0.021111003
fitness  0.05728657 -0.140193464 -0.48842610  0.14602405 -0.142687257
                o22           sd     fitness
glu1    -0.24164674  0.032980647  0.05728657
ac1     -0.10501397 -0.006517077 -0.14019346
o21     -0.04431602 -0.052097588 -0.48842610
glu2    -0.10195336  0.043640838  0.14602405
ac2      0.01231039  0.021111003 -0.14268726
o22      1.00000000 -0.055292832 -0.42445994
sd      -0.05529283  1.000000000 -0.15364942
fitness -0.42445994 -0.153649425  1.00000000
[1] "Sd<0.1:"
[1] 499
               glu1          ac1         o21        glu2          ac2
glu1     1.00000000 -0.045919343 -0.04051337  0.19776037  0.046506591
ac1     -0.04591934  1.000000000  0.07347911 -0.11016504  0.007338342
o21     -0.04051337  0.073479109  1.00000000 -0.20174834 -0.011849511
glu2     0.19776037 -0.110165041 -0.20174834  1.00000000  0.101042562
ac2      0.04650659  0.007338342 -0.01184951  0.10104256  1.000000000
o22     -0.23989140 -0.105276512 -0.04680559 -0.09945086  0.013573328
sd      -0.09813839 -0.042789463 -0.07669142 -0.07661291 -0.018366734
fitness  0.06546968 -0.142518790 -0.50327740  0.15703326 -0.140836080
                o22          sd     fitness
glu1    -0.23989140 -0.09813839  0.06546968
ac1     -0.10527651 -0.04278946 -0.14251879
o21     -0.04680559 -0.07669142 -0.50327740
glu2    -0.09945086 -0.07661291  0.15703326
ac2      0.01357333 -0.01836673 -0.14083608
o22      1.00000000 -0.01945175 -0.44009535
sd      -0.01945175  1.00000000  0.11272818
fitness -0.44009535  0.11272818  1.00000000
