Fitness_function	configuration	fitness	sd	avg.Biomass	avg.Yield	endCycle
MaxYieldNew_MinTime	-4.0,-8.0,-7.0,-6.0,-12.0,-7.0,0.5,4.7	0.746673	0.0031991454149872057	1.003664	0.546007	100
MaxYieldNew_MinTime	-4.0,-18.0,-7.0,-6.0,-8.0,-7.0,0.5,4.7	0.74653	0.0032191919445886705	1.003355	0.545836	100
MaxYieldNew_MinTime	-4.0,-16.0,-7.0,-6.0,-8.0,-7.0,0.5,4.7	0.74564	0.0047599297285348	1.001432	0.544768	100
MaxYieldNew_MinTime	-4.0,-8.0,-7.0,-6.0,-8.0,-7.0,0.5,4.7	0.745503	0.004743111904141264	1.001136	0.544604	100
MaxYieldNew_MinTime	-6.0,-12.0,-7.0,-2.0,-12.0,-7.0,4.7,-3.6	0.745316	0.001223870457087109	1.023251	0.556879	105
MaxYieldNew_MinTime	-6.0,-12.0,-7.0,-2.0,-8.0,-7.0,4.7,-3.6	0.745252	0.0012184380942568407	1.023113	0.556803	105
MaxYieldNew_MinTime	-6.0,-16.0,-7.0,-2.0,-8.0,-7.0,4.7,-3.6	0.745222	0.0007225915557204899	1.023048	0.556767	105
MaxYieldNew_MinTime	-4.0,-18.0,-7.0,-6.0,-10.0,-7.0,0.5,4.7	0.744074	0.00419440006211959	0.998047	0.542889	100
MaxYieldNew_MinTime	-4.0,-12.0,-7.0,-6.0,-16.0,-7.0,0.5,4.7	0.744074	0.00419440006211959	0.998047	0.542889	100
MaxYieldNew_MinTime	-4.0,-14.0,-7.0,-6.0,-16.0,-7.0,0.5,4.7	0.743185	0.004746873285526439	0.996124	0.541822	100
MaxYieldNew_MinTime	-4.0,-14.0,-7.0,-6.0,-8.0,-7.0,0.5,4.7	0.742892	0.0047599297285348	0.995491	0.54147	100
MaxYieldNew_MinTime	-6.0,-14.0,-7.0,-2.0,-6.0,-7.0,4.7,-3.6	0.741838	0.0005071492726702476	1.015731	0.552705	105
MaxYieldNew_MinTime	-4.0,-12.0,-7.0,-6.0,-6.0,-7.0,0.5,4.7	0.741297	0.005489422041888345	1.001051	0.544557	102
MaxYieldNew_MinTime	-4.0,-10.0,-7.0,-6.0,-6.0,-7.0,0.5,4.7	0.741297	0.005489422041888345	1.001051	0.544557	102
MaxYieldNew_MinTime	-6.0,-12.0,-7.0,-4.0,0.0,-7.0,4.7,0.5	0.737579	0.004790842944020672	1.003521	0.545928	104
MaxYieldNew_MinTime	-4.0,-16.0,-6.0,-8.0,-14.0,-7.0,1.7,8.2	0.737168	0.001443299392878834	0.969605	0.527102	97
MaxYieldNew_MinTime	-4.0,-8.0,-7.0,-8.0,-18.0,-7.0,0.5,8.2	0.73701	0.0	0.955751	0.519412	94
MaxYieldNew_MinTime	-6.0,-18.0,-7.0,-4.0,0.0,-6.0,4.7,1.7	0.736918	0.0	1.014104	0.551802	107
MaxYieldNew_MinTime	-10.0,-12.0,-7.0,-2.0,-10.0,-7.0,11.3,-3.6	0.735599	0.0006492648121898744	0.939189	0.510219	91
MaxYieldNew_MinTime	-8.0,-12.0,-7.0,-2.0,-12.0,-7.0,8.2,-3.6	0.735538	0.00032425033687647804	0.96608	0.525145	97
MaxYieldNew_MinTime	-4.0,-6.0,-7.0,-8.0,-12.0,-7.0,0.5,8.2	0.733879	0.0007595749520300804	0.953487	0.518155	95
MaxYieldNew_MinTime	-2.0,0.0,-4.0,-6.0,-12.0,-7.0,0.0,4.7	0.732621	0.0002948889083988806	1.018326	0.554145	110
MaxYieldNew_MinTime	-10.0,-12.0,-7.0,-4.0,-8.0,-7.0,11.3,0.5	0.731678	0.0023202857889093034	0.921705	0.500514	89
MaxYieldNew_MinTime	-8.0,-6.0,-7.0,-10.0,-12.0,-7.0,8.2,11.3	0.730537	0.001475763011608081	0.910231	0.494145	87
MaxYieldNew_MinTime	-10.0,-16.0,-7.0,-2.0,-18.0,-6.0,11.3,-2.4	0.730162	0.00019025631804379717	0.93194	0.506195	92
MaxYieldNew_MinTime	-4.0,-14.0,-7.0,-6.0,-4.0,-7.0,0.5,4.7	0.730093	0.004633559408626724	0.987339	0.536946	105
MaxYieldNew_MinTime	-10.0,-12.0,-7.0,-2.0,-10.0,-6.0,11.3,-2.4	0.730037	8.14297731607015e-05	0.931668	0.506044	92
MaxYieldNew_MinTime	-10.0,-16.0,-7.0,-2.0,-8.0,-6.0,11.3,-2.4	0.729478	0.000267291536144209	0.93046	0.505374	92
MaxYieldNew_MinTime	-10.0,-18.0,-7.0,-10.0,-18.0,-7.0,11.3,11.3	0.729049	0.0	0.884494	0.479859	82
MaxYieldNew_MinTime	-4.0,-10.0,-7.0,-10.0,-18.0,-7.0,0.5,11.3	0.728676	0.00055323040484777	0.912212	0.495244	89
MaxYieldNew_MinTime	-10.0,-12.0,-7.0,-10.0,-8.0,-7.0,11.3,11.3	0.728615	1.5879664937305332e-05	0.883556	0.479338	82
MaxYieldNew_MinTime	-4.0,-12.0,-7.0,-10.0,-12.0,-7.0,0.5,11.3	0.728356	0.0	0.91002	0.494028	88
MaxYieldNew_MinTime	-12.0,-16.0,-7.0,-2.0,-16.0,-7.0,14.2,-3.6	0.727312	0.0034094710337295832	0.898754	0.487774	86
MaxYieldNew_MinTime	-4.0,-10.0,-7.0,-4.0,-8.0,-7.0,0.5,0.5	0.726364	3.125163987654699e-05	0.99579	0.541637	108
MaxYieldNew_MinTime	-4.0,-16.0,-7.0,-4.0,-8.0,-7.0,0.5,0.5	0.726349	5.767622175069739e-05	0.995759	0.541619	108
MaxYieldNew_MinTime	-4.0,-8.0,-7.0,-4.0,-18.0,-7.0,0.5,0.5	0.726331	5.045426706634453e-05	0.99572	0.541598	108
MaxYieldNew_MinTime	-8.0,-12.0,-7.0,-2.0,-10.0,-6.0,8.2,-2.4	0.725526	0.0004679352705930386	0.948941	0.515631	98
MaxYieldNew_MinTime	-6.0,-12.0,-7.0,-2.0,0.0,-3.0,4.7,1.2	0.725489	0.00018158189228306427	1.002906	0.545586	110
MaxYieldNew_MinTime	-4.0,-14.0,-7.0,-4.0,-4.0,-7.0,0.5,0.5	0.725423	0.0010768874820743575	0.993757	0.540508	108
MaxYieldNew_MinTime	-8.0,-12.0,-7.0,-2.0,-18.0,-6.0,8.2,-2.4	0.724999	0.0003663760280874007	0.947801	0.514999	98
MaxYieldNew_MinTime	-6.0,-16.0,-7.0,-2.0,-10.0,-5.0,4.7,-1.2	0.724812	0.00046065842328814327	0.992436	0.539775	108
MaxYieldNew_MinTime	-6.0,-18.0,-7.0,-2.0,-6.0,-5.0,4.7,-1.2	0.724741	0.0003326269146511046	0.992283	0.53969	108
MaxYieldNew_MinTime	-8.0,-4.0,-7.0,-6.0,-12.0,-7.0,8.2,4.7	0.723909	0.002988570066189398	0.942442	0.512024	98
MaxYieldNew_MinTime	-4.0,-18.0,-7.0,-4.0,0.0,-7.0,0.5,0.5	0.723836	0.0008591597887431524	0.996331	0.541937	110
MaxYieldNew_MinTime	-12.0,-14.0,-7.0,-2.0,-12.0,-6.0,14.2,-2.4	0.723253	0.003778520444903291	0.894483	0.485404	87
MaxYieldNew_MinTime	-8.0,-12.0,-7.0,-2.0,-6.0,-6.0,8.2,-2.4	0.72297	0.00016168930115349555	0.947919	0.515064	99
MaxYieldNew_MinTime	-8.0,-12.0,-7.0,-4.0,0.0,-4.0,8.2,4.0	0.720758	0.0005736458579487664	0.952145	0.51741	101
MaxYieldNew_MinTime	-12.0,-18.0,-7.0,-6.0,0.0,-7.0,14.2,4.7	0.720669	0.0017814727633512386	0.8934	0.484802	88
MaxYieldNew_MinTime	-10.0,-18.0,-7.0,-2.0,0.0,-5.0,11.3,0.0	0.720574	0.00018565491723326934	0.920219	0.499689	94
MaxYieldNew_MinTime	-8.0,-12.0,-7.0,-4.0,0.0,-2.0,8.2,4.7	0.720509	1.1876980967291384e-08	0.956109	0.519611	102
MaxYieldNew_MinTime	-4.0,-14.0,-7.0,-6.0,-2.0,-7.0,0.5,4.7	0.720406	0.005282445800512012	0.987415	0.536988	109
MaxYieldNew_MinTime	-2.0,-14.0,-7.0,-4.0,-2.0,-7.0,-3.4,0.5	0.720228	0.0013921689061931854	1.039574	0.56594	120
MaxYieldNew_MinTime	-2.0,0.0,-4.0,-12.0,-8.0,-7.0,0.0,14.2	0.719981	0.00016054448302052105	0.896418	0.486477	89
MaxYieldNew_MinTime	-2.0,-4.0,-7.0,-4.0,0.0,-7.0,-3.6,0.5	0.719912	0.000843611074257039	1.038892	0.565561	121
MaxYieldNew_MinTime	-2.0,0.0,-5.0,-6.0,-6.0,-7.0,0.0,4.7	0.719409	0.0	1.007778	0.548291	114
MaxYieldNew_MinTime	-2.0,-14.0,-7.0,-4.0,-6.0,-7.0,-3.6,0.5	0.719407	0.003044304559542774	1.039301	0.565788	121
MaxYieldNew_MinTime	-2.0,-14.0,-7.0,-4.0,0.0,-7.0,-3.6,0.5	0.718632	0.002915926487279558	1.036123	0.564024	120
MaxYieldNew_MinTime	-4.0,-18.0,-7.0,-2.0,-4.0,-7.0,0.5,-0.0	0.718391	0.0031592330925068065	1.034101	0.562902	120
MaxYieldNew_MinTime	-2.0,-18.0,-7.0,-4.0,0.0,-7.0,-0.0,0.5	0.718148	0.0024872954704218274	1.032076	0.561778	120
MaxYieldNew_MinTime	-4.0,-18.0,-7.0,-2.0,-8.0,-7.0,0.5,-3.6	0.717902	0.004687781829526003	1.033044	0.562315	121
MaxYieldNew_MinTime	-4.0,-18.0,-7.0,-2.0,-10.0,-7.0,0.5,-0.0	0.717892	0.004379125522532901	1.031523	0.561471	120
MaxYieldNew_MinTime	-4.0,0.0,-7.0,-2.0,-4.0,-7.0,0.5,-0.0	0.717342	0.0024952926878460398	1.033335	0.562477	120
MaxYieldNew_MinTime	-4.0,-14.0,-7.0,-2.0,-12.0,-7.0,0.5,-3.6	0.716823	0.001970256481657292	1.030712	0.561021	120
MaxYieldNew_MinTime	-4.0,-12.0,-6.0,-4.0,-14.0,-7.0,1.7,0.5	0.715018	0.002063047930922865	0.993781	0.540521	113
MaxYieldNew_MinTime	-2.0,-14.0,-3.0,-6.0,-6.0,-7.0,1.2,4.7	0.714635	0.00017544774171551175	0.997457	0.542562	114
MaxYieldNew_MinTime	-6.0,-18.0,-7.0,-2.0,-2.0,-1.0,4.7,2.5	0.714217	3.702335999308016e-05	0.978538	0.53206	110
MaxYieldNew_MinTime	-6.0,-16.0,-7.0,-2.0,-2.0,-1.0,4.7,2.5	0.714217	3.702104831752768e-05	0.978538	0.53206	110
MaxYieldNew_MinTime	-8.0,-14.0,-7.0,-2.0,0.0,-2.0,8.2,2.3	0.713216	0.00869227505014212	0.93734	0.509192	101
MaxYieldNew_MinTime	-4.0,-10.0,-7.0,-2.0,-6.0,-6.0,0.5,-0.0	0.713159	0.003786818098244281	1.027295	0.559124	121
MaxYieldNew_MinTime	-4.0,-8.0,-7.0,-2.0,-6.0,-6.0,0.5,-2.4	0.712199	0.00026062670311520947	1.023719	0.557139	121
MaxYieldNew_MinTime	-6.0,-18.0,-7.0,-4.0,0.0,-2.0,4.7,4.7	0.712014	0.009634811290180298	0.975276	0.53025	111
MaxYieldNew_MinTime	-4.0,-14.0,-7.0,-2.0,-6.0,-6.0,0.5,-2.4	0.711165	0.0010235349768045097	1.022985	0.556732	121
MaxYieldNew_MinTime	-4.0,-12.0,-4.0,-12.0,-18.0,-7.0,4.0,14.2	0.710967	0.0038820930372532466	0.872427	0.473161	88
MaxYieldNew_MinTime	-4.0,-10.0,-7.0,-2.0,-4.0,-6.0,0.5,-2.4	0.71096	0.005976454479240779	1.024043	0.557319	122
MaxYieldNew_MinTime	-2.0,-18.0,-1.0,-10.0,-12.0,-7.0,2.5,11.3	0.710803	3.1052236672186854e-05	0.899096	0.487964	94
MaxYieldNew_MinTime	-4.0,0.0,-4.0,-12.0,-14.0,-7.0,4.0,14.2	0.708768	0.0030111144988735606	0.869173	0.471355	88
MaxYieldNew_MinTime	-4.0,0.0,-7.0,-2.0,-8.0,-6.0,0.5,-2.4	0.707981	0.00787727476242972	1.0146	0.552077	121
MaxYieldNew_MinTime	-14.0,-16.0,-7.0,-2.0,-14.0,-6.0,15.8,-2.4	0.707917	0.00015939835427690764	0.834305	0.452	81
MaxYieldNew_MinTime	-14.0,-14.0,-7.0,-2.0,-12.0,-6.0,15.8,-2.4	0.707899	0.0002847866953092596	0.834266	0.451978	81
MaxYieldNew_MinTime	-4.0,-18.0,-7.0,-2.0,-6.0,-6.0,0.5,-2.4	0.707829	0.006643085965322352	1.014271	0.551895	121
MaxYieldNew_MinTime	-4.0,-16.0,-7.0,-2.0,-16.0,-6.0,0.5,-0.0	0.707804	0.007855985644309348	1.014216	0.551864	121
MaxYieldNew_MinTime	-4.0,-12.0,-7.0,-2.0,-16.0,-6.0,0.5,-0.0	0.707691	0.006885650121842526	1.015475	0.552563	121
MaxYieldNew_MinTime	-4.0,-6.0,-7.0,-2.0,-18.0,-6.0,0.5,-2.4	0.707482	0.007191807424508341	1.015023	0.552312	121
MaxYieldNew_MinTime	-4.0,-18.0,-7.0,-2.0,-2.0,-7.0,0.5,-1.8	0.707232	0.0014598062836355065	1.017484	0.553678	122
MaxYieldNew_MinTime	-4.0,-18.0,-7.0,-2.0,-4.0,-6.0,0.5,-2.4	0.706715	0.006055536763071211	1.014864	0.552224	122
MaxYieldNew_MinTime	-10.0,-4.0,-7.0,-6.0,-10.0,-7.0,11.3,4.7	0.706188	0.0003134773972349117	0.898126	0.487426	96
MaxYieldNew_MinTime	-8.0,-18.0,-7.0,-6.0,-18.0,-4.0,8.2,7.1	0.705593	0.0	0.910352	0.494212	99
MaxYieldNew_MinTime	-12.0,-18.0,-7.0,-8.0,-18.0,-4.0,14.2,9.2	0.705433	0.0008705565126408008	0.855959	0.46402	87
MaxYieldNew_MinTime	-4.0,-18.0,-2.0,-10.0,-16.0,-7.0,4.7,11.3	0.704432	0.00013034620169246973	0.885322	0.480319	94
MaxYieldNew_MinTime	-4.0,-6.0,-7.0,-2.0,-8.0,-6.0,0.5,-2.4	0.704239	0.008767695352444095	1.008011	0.54842	122
MaxYieldNew_MinTime	-2.0,-2.0,-7.0,-14.0,-12.0,-7.0,-1.8,15.8	0.70413	0.00022631680450007962	0.830623	0.449956	82
MaxYieldNew_MinTime	-12.0,-10.0,-7.0,-14.0,-14.0,-6.0,14.2,15.2	0.704018	0.0	0.816869	0.442322	79
MaxYieldNew_MinTime	-14.0,-6.0,-7.0,-6.0,-10.0,-7.0,15.8,4.7	0.703564	0.0	0.838406	0.454277	84
MaxYieldNew_MinTime	-4.0,-10.0,-7.0,-2.0,-10.0,-6.0,0.5,-2.4	0.703305	0.007933157587246047	1.00449	0.546465	121
MaxYieldNew_MinTime	-4.0,-16.0,-7.0,-2.0,-6.0,-6.0,0.5,-0.0	0.70311	0.007129742656443007	1.005571	0.547065	121
MaxYieldNew_MinTime	-4.0,-16.0,-6.0,-4.0,0.0,-7.0,1.7,0.5	0.702435	0.002770968671103832	0.992101	0.539589	118
MaxYieldNew_MinTime	-14.0,-12.0,-7.0,-2.0,-18.0,-3.0,15.8,1.2	0.702419	0.00010077816322956904	0.831427	0.450403	83
MaxYieldNew_MinTime	-6.0,-18.0,-1.0,-8.0,-10.0,-7.0,5.7,8.2	0.702377	0.00020497481450694599	0.912407	0.495353	101
MaxYieldNew_MinTime	-10.0,-8.0,-7.0,-8.0,0.0,-4.0,11.3,9.2	0.702223	0.006570157363510024	0.88505	0.480168	95
MaxYieldNew_MinTime	-6.0,0.0,-1.0,-12.0,-8.0,-7.0,5.7,14.2	0.701533	0.0	0.856534	0.464339	89
MaxYieldNew_MinTime	-4.0,-16.0,-6.0,-6.0,-2.0,-7.0,1.7,4.7	0.700985	0.0022182969728189814	0.985964	0.536182	118
MaxYieldNew_MinTime	-4.0,-2.0,-4.0,-16.0,-18.0,-7.0,4.0,17.4	0.700351	0.0003023508273126675	0.808942	0.437922	79
MaxYieldNew_MinTime	-4.0,-14.0,-4.0,-20.0,-14.0,-7.0,4.0,20.6	0.700167	0.0002545224136769536	0.777015	0.4202	72
MaxYieldNew_MinTime	-16.0,-6.0,-7.0,-6.0,-12.0,-7.0,17.4,4.7	0.699723	0.0029885478324417156	0.816591	0.442168	81
MaxYieldNew_MinTime	-4.0,-12.0,-7.0,-2.0,-4.0,-4.0,0.5,-0.0	0.699463	0.0002482762274379504	1.009697	0.549356	124
MaxYieldNew_MinTime	-4.0,-12.0,-7.0,-2.0,-10.0,-4.0,0.5,-0.0	0.699393	0.00041756126807900045	1.009544	0.549271	124
MaxYieldNew_MinTime	-8.0,-16.0,-7.0,-6.0,-6.0,-3.0,8.2,6.9	0.699105	0.00015919740001786811	0.900829	0.488926	100
MaxYieldNew_MinTime	-4.0,-14.0,-7.0,-2.0,-14.0,-5.0,0.5,-1.2	0.69874	0.00010430581054743792	0.999125	0.543487	122
MaxYieldNew_MinTime	-6.0,-16.0,-6.0,-2.0,-8.0,-7.0,5.8,-3.6	0.698603	0.0005374651005522637	0.962798	0.523324	114
MaxYieldNew_MinTime	-2.0,-12.0,-7.0,-20.0,-16.0,-7.0,-3.6,20.6	0.698515	0.0002206827099920243	0.764436	0.413218	70
MaxYieldNew_MinTime	-4.0,-12.0,-7.0,-2.0,-10.0,-5.0,0.5,-0.0	0.698483	0.0002836876898104344	0.998569	0.543179	122
MaxYieldNew_MinTime	-4.0,-18.0,-7.0,-2.0,0.0,-7.0,0.5,0.0	0.698404	0.0004683930170503621	1.007407	0.548085	124
MaxYieldNew_MinTime	-4.0,-8.0,-7.0,-2.0,-10.0,-5.0,0.5,-1.2	0.69839	1.9391663545733128e-05	0.998368	0.543068	122
MaxYieldNew_MinTime	-4.0,-8.0,-7.0,-2.0,0.0,-4.0,0.5,0.0	0.698321	0.0004683930215904129	1.007228	0.547986	124
MaxYieldNew_MinTime	-6.0,-18.0,-6.0,-2.0,-12.0,-7.0,5.8,-3.6	0.697423	0.0005840719893698282	0.960247	0.521908	114
MaxYieldNew_MinTime	-6.0,-18.0,-7.0,-6.0,-2.0,-3.0,4.7,6.9	0.697122	0.0001246317677683018	0.937077	0.509046	109
MaxYieldNew_MinTime	-2.0,-16.0,-2.0,-10.0,-6.0,-7.0,2.3,11.3	0.697041	6.876118465925871e-05	0.905374	0.491449	102
MaxYieldNew_MinTime	-2.0,-4.0,-1.0,-14.0,-10.0,-7.0,2.5,15.8	0.696276	2.8139037880165445e-05	0.818147	0.443031	83
MaxYieldNew_MinTime	-16.0,-16.0,-7.0,-2.0,-14.0,-6.0,17.4,-2.4	0.696094	8.683695806234631e-05	0.790729	0.427813	77
MaxYieldNew_MinTime	-8.0,-18.0,-7.0,-8.0,-16.0,-4.0,8.2,9.2	0.695742	0.0019099149316789891	0.88455	0.47989	98
MaxYieldNew_MinTime	-2.0,-12.0,-7.0,-10.0,-14.0,-6.0,-3.6,11.9	0.695392	0.010533474168343852	0.889799	0.482804	98
MaxYieldNew_MinTime	-6.0,-18.0,-2.0,-6.0,-18.0,-7.0,6.3,4.7	0.695214	0.00043555995506848667	0.932952	0.506757	109
MaxYieldNew_MinTime	-2.0,-8.0,-4.0,-4.0,-4.0,-7.0,-0.0,0.5	0.694923	1.6467189997125851e-06	1.008889	0.548907	126
MaxYieldNew_MinTime	-6.0,-6.0,-6.0,-2.0,-10.0,-7.0,5.8,-3.6	0.694451	0.0009895056081555584	0.958327	0.520841	115
MaxYieldNew_MinTime	-6.0,0.0,-5.0,-10.0,-6.0,-7.0,6.5,11.3	0.694378	0.0011869642867610186	0.904122	0.490754	103
MaxYieldNew_MinTime	-8.0,-16.0,-7.0,-10.0,-16.0,-5.0,8.2,11.4	0.694172	0.0009254180445015532	0.858638	0.465507	93
MaxYieldNew_MinTime	-8.0,-14.0,-7.0,-10.0,-14.0,-5.0,8.2,11.4	0.694172	0.0009252846170103409	0.858638	0.465507	93
MaxYieldNew_MinTime	-4.0,-18.0,-6.0,-2.0,-8.0,-7.0,1.7,-3.6	0.69288	0.0025053258658403305	1.008978	0.548957	127
MaxYieldNew_MinTime	-2.0,-18.0,-2.0,-4.0,-18.0,-7.0,2.3,0.5	0.692865	9.436734514258179e-05	1.004439	0.546437	126
MaxYieldNew_MinTime	-2.0,-18.0,-2.0,-4.0,-10.0,-7.0,2.3,0.5	0.692865	9.436734514258179e-05	1.004439	0.546437	126
MaxYieldNew_MinTime	-4.0,-12.0,-7.0,-2.0,0.0,-2.0,0.5,2.3	0.692789	0.00012575987731925904	1.004276	0.546347	126
MaxYieldNew_MinTime	-2.0,0.0,-2.0,-4.0,-14.0,-7.0,2.3,0.5	0.692789	0.00012575987731925904	1.004276	0.546347	126
MaxYieldNew_MinTime	-4.0,-16.0,-7.0,-2.0,0.0,-2.0,0.5,2.3	0.692716	0.00012575987731925904	1.004119	0.546259	126
MaxYieldNew_MinTime	-8.0,-18.0,-7.0,-8.0,-2.0,-3.0,8.2,8.5	0.69221	0.00103204538292354	0.885924	0.480652	100
MaxYieldNew_MinTime	-16.0,-14.0,-7.0,-10.0,-6.0,-4.0,17.4,10.8	0.691503	0.0009356363261928721	0.785308	0.424803	78
MaxYieldNew_MinTime	-4.0,-18.0,-6.0,-2.0,-4.0,-7.0,1.7,-0.0	0.691225	0.003077161068391636	1.005399	0.54697	127
MaxYieldNew_MinTime	-4.0,0.0,-4.0,-18.0,-10.0,-7.0,4.0,19.0	0.691116	0.00024885569089637345	0.77096	0.416839	75
MaxYieldNew_MinTime	-18.0,-10.0,-7.0,-4.0,0.0,-4.0,19.0,4.0	0.690974	0.00024839218283349336	0.770652	0.416668	75
MaxYieldNew_MinTime	-10.0,-12.0,-4.0,-10.0,-8.0,-7.0,10.8,11.3	0.690844	0.0019060167493453446	0.842434	0.456512	91
MaxYieldNew_MinTime	-4.0,-10.0,-7.0,-2.0,-4.0,-3.0,0.5,1.2	0.690575	0.00010431078155782751	0.994986	0.54119	125
MaxYieldNew_MinTime	-2.0,-18.0,-3.0,-4.0,-14.0,-7.0,1.2,0.5	0.690538	0.0001682394803708388	0.994906	0.541146	125
MaxYieldNew_MinTime	-2.0,-14.0,-3.0,-4.0,-14.0,-7.0,1.2,0.5	0.690381	6.392868919883887e-05	0.994566	0.540957	125
MaxYieldNew_MinTime	-2.0,-14.0,-3.0,-4.0,-16.0,-7.0,1.2,0.5	0.690322	0.0002715631267838389	0.994438	0.540886	125
MaxYieldNew_MinTime	-18.0,-12.0,-7.0,-2.0,-10.0,-7.0,19.0,-3.6	0.690221	0.0003872483096434462	0.755513	0.408265	72
MaxYieldNew_MinTime	-18.0,-18.0,-7.0,-2.0,-14.0,-7.0,19.0,-3.6	0.690146	0.00023679365189621795	0.755352	0.408175	72
MaxYieldNew_MinTime	-8.0,-4.0,-3.0,-10.0,-8.0,-7.0,8.5,11.3	0.690134	6.016071599173634e-08	0.849908	0.460661	93
MaxYieldNew_MinTime	-16.0,-6.0,-7.0,-10.0,-14.0,-6.0,17.4,11.9	0.690014	0.004236717951718498	0.800105	0.433017	82
MaxYieldNew_MinTime	-4.0,-16.0,-6.0,-2.0,-4.0,-7.0,1.7,-0.0	0.689718	0.0008693362722668696	1.00214	0.545161	127
MaxYieldNew_MinTime	-20.0,-12.0,-7.0,-2.0,-10.0,-2.0,20.6,2.3	0.689506	3.582184157790111e-05	0.753969	0.407408	72
MaxYieldNew_MinTime	-4.0,-18.0,-6.0,-2.0,-14.0,-7.0,1.7,-3.6	0.688921	0.0015392236607756756	1.000418	0.544205	127
MaxYieldNew_MinTime	-4.0,-8.0,-6.0,-2.0,-4.0,-7.0,1.7,-0.0	0.688762	0.0025084253538698613	1.000074	0.544014	127
MaxYieldNew_MinTime	-14.0,-12.0,-7.0,-8.0,-8.0,-1.0,15.8,7.3	0.68855	0.0002355950341934487	0.801444	0.43376	83
MaxYieldNew_MinTime	-16.0,-18.0,-7.0,-2.0,0.0,-4.0,17.4,0.0	0.688468	0.00013149785322159101	0.778748	0.421162	78
MaxYieldNew_MinTime	-2.0,-18.0,-7.0,-4.0,-4.0,-6.0,-3.6,1.7	0.68829	0.0010636671821249609	0.999053	0.543447	127
MaxYieldNew_MinTime	-20.0,-10.0,-7.0,-12.0,-2.0,-7.0,20.6,14.2	0.687563	0.0062929199782318975	0.754271	0.407576	73
MaxYieldNew_MinTime	-2.0,-10.0,-7.0,-4.0,0.0,-6.0,-0.0,1.7	0.687446	0.0020773882941679273	0.997229	0.542435	127
MaxYieldNew_MinTime	-4.0,-10.0,-6.0,-2.0,-6.0,-7.0,1.7,-3.6	0.687301	0.0005330139043133819	0.996916	0.542262	127
MaxYieldNew_MinTime	-2.0,0.0,-6.0,-6.0,-16.0,-6.0,0.0,5.8	0.686896	0.00033567963027635706	0.982529	0.534275	124
MaxYieldNew_MinTime	-4.0,-12.0,-7.0,-4.0,-16.0,-3.0,0.5,4.7	0.686893	0.0005922299822151715	0.982522	0.534272	124
MaxYieldNew_MinTime	-2.0,-14.0,-7.0,-4.0,-4.0,-6.0,-3.6,1.7	0.686839	0.0008755525772427355	0.995917	0.541707	127
MaxYieldNew_MinTime	-10.0,0.0,-3.0,-18.0,-12.0,-7.0,10.1,19.0	0.686734	0.0006417818666685433	0.765992	0.414081	76
MaxYieldNew_MinTime	-6.0,-12.0,-5.0,-8.0,-16.0,-6.0,6.5,8.9	0.686267	0.0008145094544908148	0.904601	0.49102	107
MaxYieldNew_MinTime	-10.0,-2.0,-7.0,-6.0,-12.0,-7.0,11.3,4.7	0.685589	0.001316465551714944	0.889625	0.482707	104
MaxYieldNew_MinTime	-18.0,-16.0,-7.0,-6.0,-2.0,-1.0,19.0,5.7	0.685563	0.00011517385998916936	0.758955	0.410175	75
MaxYieldNew_MinTime	-4.0,-18.0,-7.0,-12.0,-10.0,-6.0,0.5,13.6	0.685451	0.0008543397582216182	0.826273	0.447542	90
MaxYieldNew_MinTime	-8.0,-14.0,-7.0,-10.0,0.0,-6.0,8.2,11.9	0.685327	0.0	0.893563	0.484893	105
MaxYieldNew_MinTime	-2.0,-10.0,-2.0,-4.0,-4.0,-7.0,2.3,0.5	0.685145	3.279214037460985e-05	1.001262	0.544674	129
MaxYieldNew_MinTime	-4.0,-18.0,-7.0,-2.0,0.0,-1.0,0.5,2.5	0.684779	4.444868482161233e-05	0.98696	0.536735	126
MaxYieldNew_MinTime	-8.0,-6.0,-6.0,-4.0,-12.0,-5.0,8.9,2.9	0.684111	0.0008754650092256712	0.917958	0.498434	111
MaxYieldNew_MinTime	-16.0,-14.0,-7.0,-2.0,-2.0,-1.0,17.4,2.5	0.683876	0.002547376758732074	0.771823	0.417318	79
MaxYieldNew_MinTime	-18.0,-8.0,-7.0,-12.0,-6.0,-5.0,19.0,13.0	0.683292	0.0020270265165263004	0.745039	0.402451	73
MaxYieldNew_MinTime	-20.0,-14.0,-7.0,-10.0,-10.0,-2.0,20.6,9.5	0.682092	3.861759007016396e-05	0.73794	0.398511	72
MaxYieldNew_MinTime	-4.0,-12.0,-7.0,-4.0,0.0,-2.0,0.5,4.7	0.681342	2.346794027231381e-08	0.975024	0.53011	125
MaxYieldNew_MinTime	-6.0,-18.0,-6.0,-2.0,-6.0,-3.0,5.8,1.2	0.681049	0.0001232259460978156	0.969887	0.527259	124
MaxYieldNew_MinTime	-8.0,-14.0,-6.0,-2.0,-2.0,-6.0,8.9,-1.8	0.679051	0.0031500617797037256	0.907019	0.492362	111
MaxYieldNew_MinTime	-20.0,-18.0,-7.0,-18.0,-12.0,-5.0,20.6,17.8	0.678901	0.005772967700304581	0.71753	0.387181	69
MaxYieldNew_MinTime	-18.0,-16.0,-7.0,-12.0,-10.0,-1.0,19.0,10.4	0.678247	0.005116855205785243	0.747642	0.403896	76
MaxYieldNew_MinTime	-6.0,-14.0,-4.0,-10.0,-14.0,-6.0,7.1,11.9	0.678064	0.0008527394810406468	0.868853	0.471177	103
MaxYieldNew_MinTime	-8.0,0.0,-7.0,-6.0,-6.0,-7.0,8.2,4.7	0.677644	0.002169334658574896	0.952017	0.517339	122
MaxYieldNew_MinTime	-10.0,-16.0,-4.0,-18.0,-10.0,-7.0,10.8,19.0	0.677304	0.0002282859291599689	0.736596	0.397764	74
MaxYieldNew_MinTime	-4.0,0.0,-7.0,-8.0,-4.0,-7.0,0.5,8.2	0.677239	0.0017490324655595516	0.930123	0.505187	117
MaxYieldNew_MinTime	-20.0,-16.0,-7.0,-8.0,-6.0,-2.0,20.6,7.9	0.676885	0.000275191780597953	0.726683	0.392262	72
MaxYieldNew_MinTime	-18.0,-18.0,-7.0,-12.0,-2.0,-5.0,19.0,13.0	0.676811	0.00390976441404289	0.744539	0.402173	76
MaxYieldNew_MinTime	-20.0,-12.0,-7.0,-8.0,-10.0,-2.0,20.6,7.9	0.676718	2.954475481962151e-05	0.726322	0.392062	72
MaxYieldNew_MinTime	-6.0,-8.0,-5.0,-16.0,-6.0,-7.0,6.5,17.4	0.676671	0.0005549945712919974	0.784771	0.424505	85
MaxYieldNew_MinTime	-8.0,-4.0,-7.0,-2.0,-2.0,-7.0,8.2,-1.8	0.675853	0.0016309570737617033	0.924125	0.501857	116
MaxYieldNew_MinTime	-12.0,-8.0,-6.0,-6.0,-16.0,-4.0,13.6,7.1	0.675606	0.003171277555687141	0.836516	0.453227	97
MaxYieldNew_MinTime	-8.0,-10.0,-7.0,-18.0,-12.0,-6.0,8.2,18.4	0.675454	0.0025608172992943054	0.741606	0.400545	76
MaxYieldNew_MinTime	-4.0,-6.0,-4.0,-4.0,-4.0,-7.0,4.0,0.5	0.67512	0.0014463691806815568	0.967579	0.525977	126
MaxYieldNew_MinTime	-8.0,-16.0,-7.0,-10.0,0.0,-5.0,8.2,11.4	0.674769	2.1666083211968434e-07	0.861729	0.467222	103
MaxYieldNew_MinTime	-4.0,-18.0,-7.0,-4.0,-2.0,-1.0,0.5,4.1	0.67262	0.00015163021400988938	0.95617	0.519645	125
MaxYieldNew_MinTime	-4.0,-18.0,-1.0,-4.0,-12.0,-7.0,4.1,0.5	0.672533	9.350054737257277e-09	0.955981	0.519539	125
MaxYieldNew_MinTime	-6.0,-12.0,-6.0,-2.0,-12.0,-1.0,5.8,2.5	0.669125	3.889156561060504e-05	0.948613	0.515449	125
MaxYieldNew_MinTime	-8.0,-18.0,-6.0,-4.0,-14.0,-3.0,8.9,4.7	0.668401	0.0007514783179339808	0.891501	0.483748	112
MaxYieldNew_MinTime	-4.0,-10.0,-2.0,-4.0,-4.0,-7.0,4.7,0.5	0.668039	0.0011056400583661097	0.965783	0.52498	129
MaxYieldNew_MinTime	-14.0,-10.0,-7.0,-12.0,-4.0,-1.0,15.8,10.4	0.667266	0.0005913630451203623	0.755431	0.408219	83
MaxYieldNew_MinTime	-18.0,-6.0,-7.0,-10.0,-14.0,-3.0,19.0,10.1	0.666997	0.0007408584358415873	0.759353	0.410396	84
MaxYieldNew_MinTime	-20.0,-14.0,-7.0,-12.0,-6.0,-2.0,20.6,11.1	0.666609	0.000597463193730632	0.704469	0.379931	72
MaxYieldNew_MinTime	-2.0,-14.0,-6.0,-4.0,0.0,-6.0,-2.4,1.7	0.666522	0.0060276148616239715	0.997033	0.542327	137
MaxYieldNew_MinTime	-4.0,-4.0,-7.0,-6.0,-2.0,-6.0,0.5,5.8	0.666175	0.0	0.94674	0.51441	126
MaxYieldNew_MinTime	-6.0,-16.0,-6.0,-4.0,0.0,-1.0,5.8,4.1	0.665401	7.55540827419579e-09	0.940563	0.510981	125
MaxYieldNew_MinTime	-6.0,-2.0,-6.0,-2.0,-12.0,-7.0,5.8,-3.6	0.665003	0.0012238618024772996	0.947209	0.51467	127
MaxYieldNew_MinTime	-6.0,-2.0,-7.0,-2.0,-4.0,-6.0,4.7,-2.4	0.664537	0.0005550939415017559	0.965718	0.524944	131
MaxYieldNew_MinTime	-10.0,-16.0,-7.0,-12.0,-4.0,-2.0,11.3,11.1	0.664457	0.001300408535459742	0.794398	0.429849	93
MaxYieldNew_MinTime	-16.0,-10.0,-7.0,-20.0,-2.0,-7.0,17.4,20.6	0.664097	0.002219879388994668	0.74708	0.403584	82
MaxYieldNew_MinTime	-6.0,-6.0,-6.0,-16.0,-10.0,-6.0,5.8,16.8	0.6636	0.0012226276081612857	0.747505	0.40382	83
MaxYieldNew_MinTime	-6.0,-18.0,-6.0,-4.0,-14.0,-1.0,5.8,4.1	0.662586	0.0024377332360916984	0.931475	0.505937	124
MaxYieldNew_MinTime	-20.0,-14.0,-6.0,-8.0,-16.0,-6.0,20.0,8.9	0.661465	0.0025177037589602593	0.711363	0.383758	76
MaxYieldNew_MinTime	-4.0,-18.0,-1.0,-4.0,-4.0,-7.0,4.1,0.5	0.660659	9.350054737257277e-09	0.943824	0.512791	128
MaxYieldNew_MinTime	-12.0,-4.0,-7.0,-2.0,-14.0,-4.0,14.2,-0.0	0.660547	0.00012311127149835225	0.867015	0.470156	111
MaxYieldNew_MinTime	-4.0,-8.0,-6.0,-8.0,-18.0,-5.0,1.7,9.5	0.660272	0.0007736809160471358	0.884436	0.479826	115
MaxYieldNew_MinTime	-14.0,-12.0,-1.0,-14.0,-10.0,-7.0,12.0,15.8	0.660226	0.0008800602057958795	0.740211	0.399771	83
MaxYieldNew_MinTime	-20.0,-16.0,-7.0,-12.0,-2.0,-1.0,20.6,10.4	0.659852	0.0	0.68986	0.371822	72
MaxYieldNew_MinTime	-8.0,-12.0,-7.0,-12.0,-2.0,-5.0,8.2,13.0	0.659396	0.004328849723894741	0.81048	0.438776	99
MaxYieldNew_MinTime	-12.0,-6.0,-1.0,-10.0,-12.0,-7.0,10.4,11.3	0.658293	5.383111534518346e-08	0.781072	0.422452	93
MaxYieldNew_MinTime	-10.0,-16.0,-7.0,-12.0,-10.0,-1.0,11.3,10.4	0.658293	0.0	0.781072	0.422452	93
MaxYieldNew_MinTime	-10.0,-12.0,-7.0,-12.0,-4.0,-1.0,11.3,10.4	0.658293	0.0	0.781072	0.422452	93
MaxYieldNew_MinTime	-6.0,-10.0,-7.0,-10.0,0.0,-5.0,4.7,11.4	0.657781	0.0018906127962330986	0.862535	0.46767	111
MaxYieldNew_MinTime	-4.0,0.0,-6.0,-12.0,-4.0,-7.0,1.7,14.2	0.65766	7.992880028430845e-07	0.869782	0.471693	113
MaxYieldNew_MinTime	-20.0,-4.0,-4.0,-18.0,-18.0,-7.0,18.7,19.0	0.657281	0.0	0.688807	0.371238	73
MaxYieldNew_MinTime	-10.0,-16.0,-5.0,-16.0,-12.0,-6.0,11.4,16.8	0.656761	0.0	0.732721	0.395614	83
MaxYieldNew_MinTime	-14.0,-4.0,-6.0,-14.0,-18.0,-6.0,15.2,15.2	0.655788	0.0006451393193093333	0.748633	0.404446	87
MaxYieldNew_MinTime	-18.0,-2.0,-4.0,-20.0,-14.0,-7.0,17.1,20.6	0.65565	0.00013421943593505112	0.685279	0.369279	73
MaxYieldNew_MinTime	-20.0,-12.0,-6.0,-8.0,-6.0,-3.0,20.0,8.5	0.653618	0.0003742107310270312	0.70791	0.381841	79
MaxYieldNew_MinTime	-10.0,-18.0,-7.0,-16.0,-12.0,-4.0,11.3,15.5	0.653184	0.000806436942366262	0.743003	0.401321	87
MaxYieldNew_MinTime	-10.0,-4.0,-7.0,-8.0,-2.0,-5.0,11.3,9.5	0.652694	0.0	0.881564	0.478232	118
MaxYieldNew_MinTime	-20.0,-6.0,-3.0,-18.0,-8.0,-7.0,18.1,19.0	0.65231	0.0050298317981084025	0.687068	0.370272	75
MaxYieldNew_MinTime	-16.0,-8.0,-1.0,-16.0,-8.0,-7.0,13.6,17.4	0.651908	0.0027382680147026747	0.707215	0.381456	80
MaxYieldNew_MinTime	-10.0,-18.0,-6.0,-8.0,-8.0,-2.0,11.9,7.9	0.65061	0.008631920703170736	0.815506	0.441565	105
MaxYieldNew_MinTime	-4.0,-18.0,-7.0,-6.0,-12.0,-1.0,0.5,5.7	0.649183	0.00039192238755426234	0.896494	0.48652	123
MaxYieldNew_MinTime	-4.0,-12.0,-7.0,-6.0,-16.0,-1.0,0.5,5.7	0.648957	0.00039195888138854866	0.896005	0.486248	123
MaxYieldNew_MinTime	-14.0,-18.0,-6.0,-10.0,-16.0,-3.0,15.2,10.1	0.6484	0.0011457134909690762	0.750677	0.40558	91
MaxYieldNew_MinTime	-18.0,-4.0,-5.0,-20.0,-18.0,-6.0,17.8,20.0	0.64708	0.0033903638083968724	0.689271	0.371496	78
MaxYieldNew_MinTime	-4.0,0.0,-7.0,-16.0,-4.0,-7.0,0.5,17.4	0.645432	0.0006738991079574647	0.802811	0.434519	104
MaxYieldNew_MinTime	-2.0,-10.0,-7.0,-4.0,0.0,-4.0,-3.6,4.0	0.64504	9.092822591444345e-05	0.982119	0.534048	144
MaxYieldNew_MinTime	-8.0,0.0,-5.0,-20.0,-10.0,-6.0,9.5,20.0	0.64474	7.965826800314992e-07	0.697725	0.376188	81
MaxYieldNew_MinTime	-10.0,-2.0,-4.0,-14.0,-8.0,-6.0,10.8,15.2	0.644349	0.00011682312113773328	0.746423	0.403219	92
MaxYieldNew_MinTime	-16.0,-6.0,-6.0,-4.0,0.0,-5.0,16.8,2.9	0.64409	0.00042167729569729095	0.741359	0.400408	91
MaxYieldNew_MinTime	-12.0,-14.0,-4.0,-18.0,-14.0,-6.0,12.3,18.4	0.643921	0.0	0.695955	0.375205	81
MaxYieldNew_MinTime	-4.0,-8.0,-4.0,-4.0,-4.0,-6.0,4.0,1.7	0.64117	0.0013916797943477018	0.958739	0.521071	141
MaxYieldNew_MinTime	-8.0,0.0,-3.0,-10.0,-6.0,-6.0,8.5,11.9	0.640844	0.007999030266148139	0.821416	0.444846	110
MaxYieldNew_MinTime	-2.0,-4.0,-6.0,-8.0,-18.0,-5.0,-2.4,9.5	0.640831	0.0002523647168346668	0.878439	0.476498	123
MaxYieldNew_MinTime	-16.0,0.0,-7.0,-10.0,-8.0,-7.0,17.4,11.3	0.638984	0.0	0.793375	0.429281	105
MaxYieldNew_MinTime	-12.0,-8.0,-6.0,-14.0,-12.0,-4.0,13.6,13.9	0.638467	0.0017770900219497433	0.733706	0.39616	92
MaxYieldNew_MinTime	-18.0,-8.0,-6.0,-12.0,-18.0,-1.0,18.4,10.4	0.638377	0.010777108214645174	0.695978	0.375219	84
MaxYieldNew_MinTime	-8.0,-6.0,-5.0,-12.0,-6.0,-5.0,9.5,13.0	0.635256	0.0007950791847317976	0.771804	0.417308	102
MaxYieldNew_MinTime	-8.0,0.0,-7.0,-4.0,-14.0,-6.0,8.2,1.7	0.634006	0.0	0.96277	0.523308	145
MaxYieldNew_MinTime	-12.0,-8.0,-4.0,-10.0,-4.0,-7.0,12.3,11.3	0.632487	0.0028715397269431977	0.791339	0.428151	107
MaxYieldNew_MinTime	-14.0,-4.0,-7.0,-8.0,-2.0,-5.0,15.8,9.5	0.632457	0.009825853605187876	0.79878	0.432281	109
MaxYieldNew_MinTime	-4.0,0.0,-1.0,-4.0,-8.0,-6.0,4.1,1.7	0.632318	0.0001676145669541785	0.932096	0.506282	139
MaxYieldNew_MinTime	-12.0,-4.0,-7.0,-10.0,-2.0,-6.0,14.2,11.9	0.631922	0.00022545035416536246	0.823148	0.445807	115
MaxYieldNew_MinTime	-4.0,-10.0,-4.0,-10.0,-18.0,-5.0,4.0,11.4	0.631357	0.0004386594311932929	0.826429	0.447629	116
MaxYieldNew_MinTime	-14.0,-16.0,-5.0,-14.0,-18.0,-5.0,14.6,14.6	0.630734	5.244113228077481e-05	0.712486	0.384381	91
MaxYieldNew_MinTime	-6.0,-14.0,-6.0,-10.0,-18.0,-4.0,5.8,10.8	0.630559	2.8779773406624857e-07	0.802183	0.43417	111
MaxYieldNew_MinTime	-2.0,-18.0,-5.0,-4.0,-6.0,-5.0,-1.2,2.9	0.630455	0.0006060860390401609	0.973108	0.529046	149
MaxYieldNew_MinTime	-8.0,-10.0,-5.0,-2.0,-16.0,-3.0,9.5,1.2	0.63023	8.105806208388603e-05	0.882543	0.478776	129
MaxYieldNew_MinTime	-18.0,-12.0,-5.0,-6.0,-16.0,-5.0,17.8,6.5	0.629945	0.0009034737774925436	0.706275	0.380934	90
MaxYieldNew_MinTime	-20.0,-6.0,-5.0,-20.0,-16.0,-5.0,19.3,19.3	0.629745	0.0	0.656299	0.353194	79
MaxYieldNew_MinTime	-16.0,-16.0,-1.0,-20.0,-8.0,-6.0,13.6,20.0	0.628966	0.0008860930148737491	0.663623	0.357259	81
MaxYieldNew_MinTime	-2.0,-18.0,-5.0,-10.0,-14.0,-5.0,-1.2,11.4	0.628211	0.0001986796518344036	0.810621	0.438854	114
MaxYieldNew_MinTime	-14.0,0.0,-7.0,-6.0,-12.0,-7.0,15.8,4.7	0.627034	4.954853338065267e-07	0.84861	0.459941	123
MaxYieldNew_MinTime	-18.0,-12.0,-4.0,-16.0,-18.0,-6.0,17.1,16.8	0.626693	0.000940177020750307	0.667716	0.359531	83
MaxYieldNew_MinTime	-2.0,-14.0,-6.0,-20.0,-16.0,-5.0,-2.4,19.4	0.626099	0.0001111747123557884	0.675442	0.363819	85
MaxYieldNew_MinTime	-20.0,-16.0,-2.0,-14.0,-18.0,-7.0,17.4,15.8	0.625224	0.0001565898003780595	0.669046	0.360269	84
MaxYieldNew_MinTime	-10.0,-12.0,-5.0,-2.0,-2.0,-7.0,11.4,-1.8	0.625053	0.00035219293502444034	0.808296	0.437563	115
MaxYieldNew_MinTime	-6.0,-8.0,-7.0,-12.0,-14.0,-3.0,4.7,11.7	0.624197	0.0004746441267424746	0.747895	0.404036	102
MaxYieldNew_MinTime	-8.0,-6.0,-1.0,-14.0,-4.0,-7.0,7.3,15.8	0.622993	0.0002355950341934487	0.781324	0.422592	110
MaxYieldNew_MinTime	-16.0,-6.0,-5.0,-6.0,-6.0,-5.0,16.2,6.5	0.621518	0.0011697653777345061	0.701568	0.378321	93
MaxYieldNew_MinTime	-2.0,-4.0,-5.0,-16.0,-18.0,-5.0,-1.2,16.2	0.621095	0.00015792515454913573	0.709661	0.382814	95
MaxYieldNew_MinTime	-16.0,0.0,-2.0,-20.0,-8.0,-6.0,14.3,20.0	0.620979	0.0	0.650861	0.350175	82
MaxYieldNew_MinTime	-18.0,-6.0,-2.0,-18.0,-12.0,-6.0,15.9,18.4	0.620578	0.0027457163127304397	0.662003	0.35636	85
MaxYieldNew_MinTime	-8.0,-8.0,-6.0,-14.0,-10.0,-4.0,8.9,13.9	0.620149	0.0028903990056100394	0.730137	0.394179	100
MaxYieldNew_MinTime	-20.0,-16.0,-4.0,-20.0,-6.0,-6.0,18.7,20.0	0.620115	0.002751934255348679	0.639986	0.344138	80
MaxYieldNew_MinTime	-16.0,-16.0,-6.0,-14.0,-12.0,-1.0,16.8,12.0	0.620018	0.0008130441990862216	0.675806	0.364021	88
MaxYieldNew_MinTime	-12.0,-10.0,-1.0,-6.0,-12.0,-7.0,10.4,4.7	0.619402	8.998068993690735e-08	0.755546	0.408283	106
MaxYieldNew_MinTime	-18.0,-6.0,-6.0,-16.0,-10.0,-3.0,18.4,14.9	0.617554	0.00025623505418522597	0.665977	0.358565	87
MaxYieldNew_MinTime	-12.0,-6.0,-2.0,-6.0,-18.0,-7.0,11.1,4.7	0.617188	0.0052788696629632184	0.744753	0.402292	104
MaxYieldNew_MinTime	-20.0,-16.0,-5.0,-6.0,-4.0,-4.0,19.4,7.1	0.616097	0.0002841568870552036	0.66733	0.359316	88
MaxYieldNew_MinTime	-14.0,-14.0,-5.0,-2.0,0.0,-3.0,14.6,1.2	0.615934	0.00011129211169239825	0.734536	0.396621	103
MaxYieldNew_MinTime	-20.0,-14.0,-2.0,-18.0,-6.0,-7.0,17.4,19.0	0.614933	0.0	0.655805	0.352919	86
MaxYieldNew_MinTime	-12.0,-12.0,-1.0,-6.0,-18.0,-7.0,10.4,4.7	0.614627	9.3115980090206e-08	0.745222	0.402552	106
MaxYieldNew_MinTime	-12.0,0.0,-2.0,-6.0,-14.0,-7.0,11.1,4.7	0.614491	0.0038799130605419096	0.749432	0.404889	107
MaxYieldNew_MinTime	-10.0,-14.0,-6.0,-18.0,-8.0,-4.0,11.9,17.1	0.614292	4.215389554280984e-07	0.681443	0.36715	92
MaxYieldNew_MinTime	-12.0,-8.0,-2.0,-6.0,-14.0,-7.0,11.1,4.7	0.61414	0.005279014497877273	0.736662	0.397801	105
MaxYieldNew_MinTime	-20.0,-2.0,-7.0,-6.0,-12.0,-7.0,20.6,4.7	0.612673	0.0010270458220132184	0.731991	0.395208	104
MaxYieldNew_MinTime	-8.0,-8.0,-5.0,-4.0,-16.0,-1.0,9.5,4.1	0.611702	0.00010674239934135172	0.846993	0.459043	130
MaxYieldNew_MinTime	-10.0,-6.0,-5.0,-4.0,-2.0,-1.0,11.4,4.1	0.611635	0.0	0.797304	0.431462	119
MaxYieldNew_MinTime	-6.0,0.0,-1.0,-4.0,-14.0,-6.0,5.7,1.7	0.610799	0.0023195068380036624	0.87957	0.477126	138
MaxYieldNew_MinTime	-10.0,-4.0,-7.0,-12.0,-16.0,-3.0,11.3,11.7	0.61067	0.005038727118252977	0.772698	0.417804	114
MaxYieldNew_MinTime	-2.0,-4.0,-7.0,-6.0,-14.0,-4.0,-3.6,7.1	0.610661	0.000741468456209538	0.894284	0.485293	141
MaxYieldNew_MinTime	-4.0,-10.0,-5.0,-12.0,-4.0,-5.0,2.9,13.0	0.610655	0.0007075249631428335	0.77717	0.420286	115
MaxYieldNew_MinTime	-18.0,-12.0,-6.0,-18.0,-10.0,-1.0,18.4,15.2	0.61049	0.007170189485812596	0.641697	0.345088	85
MaxYieldNew_MinTime	-10.0,-18.0,-7.0,-20.0,-18.0,-3.0,11.3,18.1	0.610321	0.001081511642164716	0.659346	0.354885	89
MaxYieldNew_MinTime	-2.0,-10.0,-1.0,-6.0,-6.0,-5.0,2.5,6.5	0.609678	4.143014192416998e-05	0.901167	0.489114	143
MaxYieldNew_MinTime	-20.0,-6.0,-5.0,-6.0,-4.0,-3.0,19.3,6.9	0.60937	0.00020821910803562113	0.657291	0.353744	89
MaxYieldNew_MinTime	-18.0,-12.0,-5.0,-12.0,-4.0,-3.0,17.8,11.7	0.607655	0.0011073563676556543	0.671599	0.361686	93
MaxYieldNew_MinTime	-14.0,-12.0,-4.0,-4.0,-10.0,-7.0,13.9,0.5	0.607361	0.0010568163188134742	0.702491	0.378834	100
MaxYieldNew_MinTime	-14.0,-14.0,-6.0,-16.0,-12.0,-1.0,15.2,13.6	0.606669	0.006884309392924185	0.670968	0.361336	94
MaxYieldNew_MinTime	-6.0,-6.0,-7.0,-20.0,-12.0,-4.0,4.7,18.7	0.605308	0.0012064502232219576	0.666526	0.35887	93
MaxYieldNew_MinTime	-6.0,-12.0,-6.0,-16.0,-2.0,-7.0,5.8,17.4	0.605269	0.001442889064730882	0.770031	0.416323	116
MaxYieldNew_MinTime	-8.0,0.0,-6.0,-2.0,-12.0,-7.0,8.9,-3.6	0.605264	0.0008589253657180192	0.923153	0.501317	150
MaxYieldNew_MinTime	-2.0,-10.0,-1.0,-10.0,-6.0,-5.0,2.5,11.4	0.605083	3.3078989509772735e-05	0.778637	0.4211	118
MaxYieldNew_MinTime	-12.0,-4.0,-7.0,-12.0,-14.0,-2.0,14.2,11.1	0.60287	9.247047085156741e-05	0.760339	0.410944	115
MaxYieldNew_MinTime	-12.0,-8.0,-5.0,-6.0,-2.0,-1.0,13.0,5.7	0.6027	0.0011817183038423337	0.738953	0.399073	110
MaxYieldNew_MinTime	-16.0,-18.0,-1.0,-14.0,-18.0,-6.0,13.6,15.2	0.602694	0.0	0.660874	0.355733	93
MaxYieldNew_MinTime	-6.0,-10.0,-4.0,-6.0,-4.0,-5.0,7.1,6.5	0.601856	0.00029102409181638904	0.875248	0.474727	141
MaxYieldNew_MinTime	-4.0,-12.0,-7.0,-10.0,-6.0,-3.0,0.5,10.1	0.599498	0.000803783560977281	0.745544	0.402731	114
MaxYieldNew_MinTime	-12.0,-12.0,-5.0,-8.0,-6.0,-1.0,13.0,7.3	0.597775	0.000319565797356652	0.73131	0.39483	111
MaxYieldNew_MinTime	-4.0,-6.0,-7.0,-16.0,-2.0,-7.0,0.5,17.4	0.597577	0.0010692355688522318	0.780425	0.422092	122
MaxYieldNew_MinTime	-20.0,-10.0,-5.0,-10.0,-4.0,-2.0,19.3,9.5	0.597121	4.465032784284648e-05	0.635313	0.341545	90
MaxYieldNew_MinTime	-10.0,-4.0,-2.0,-20.0,-6.0,-5.0,9.5,19.3	0.59688	0.0004411191302416397	0.634793	0.341256	90
MaxYieldNew_MinTime	-18.0,-10.0,-5.0,-16.0,-12.0,-3.0,17.8,14.9	0.593542	0.0024943100993921386	0.639587	0.343917	93
MaxYieldNew_MinTime	-18.0,-6.0,-4.0,-10.0,-16.0,-5.0,17.1,11.4	0.593474	0.002187918596700244	0.663462	0.357169	98
MaxYieldNew_MinTime	-16.0,-10.0,-5.0,-14.0,0.0,-6.0,16.2,15.2	0.590665	0.0025849899590534224	0.718942	0.387965	112
MaxYieldNew_MinTime	-16.0,-6.0,-3.0,-16.0,-6.0,-5.0,14.9,16.2	0.590518	0.0030196570081403393	0.651065	0.350288	96
MaxYieldNew_MinTime	-2.0,-18.0,-6.0,-8.0,-16.0,-4.0,-2.4,9.2	0.58906	0.0007539281437402523	0.811555	0.439372	133
MaxYieldNew_MinTime	-12.0,-8.0,-3.0,-12.0,-4.0,-6.0,11.7,13.6	0.588894	0.0028569220728971835	0.734629	0.396672	116
MaxYieldNew_MinTime	-4.0,-4.0,-5.0,-2.0,-2.0,-2.0,2.9,2.3	0.588825	4.327065544315979e-05	0.968682	0.52659	168
MaxYieldNew_MinTime	-10.0,-10.0,-4.0,-4.0,-8.0,-5.0,10.8,2.9	0.587672	0.0016765067019944952	0.772522	0.417706	125
MaxYieldNew_MinTime	-2.0,-8.0,-7.0,-12.0,-8.0,-4.0,-3.6,12.3	0.5872	0.0060041867819788835	0.705445	0.380473	110
MaxYieldNew_MinTime	-4.0,-6.0,-7.0,-10.0,-10.0,-3.0,0.5,10.1	0.585342	0.001789367486453999	0.740463	0.399911	119
MaxYieldNew_MinTime	-14.0,-18.0,-5.0,-20.0,-2.0,-7.0,14.6,20.6	0.584988	0.0064944829623047534	0.693156	0.373652	108
MaxYieldNew_MinTime	-4.0,-12.0,-7.0,-10.0,-2.0,-2.0,0.5,9.5	0.584873	0.000416587279109225	0.725937	0.391848	116
MaxYieldNew_MinTime	-2.0,-14.0,-6.0,-8.0,-4.0,-4.0,-2.4,9.2	0.584587	0.00020307457845839867	0.810892	0.439004	135
MaxYieldNew_MinTime	-14.0,-16.0,-5.0,-14.0,-4.0,-3.0,14.6,13.3	0.584515	0.0	0.657604	0.353918	101
MaxYieldNew_MinTime	-8.0,-4.0,-7.0,-14.0,-14.0,-3.0,8.2,13.3	0.583775	0.0013939576682662233	0.726565	0.392196	116
MaxYieldNew_MinTime	-10.0,-18.0,-5.0,-12.0,0.0,-7.0,11.4,14.2	0.583316	0.002885409476494559	0.844176	0.45748	142
MaxYieldNew_MinTime	-14.0,-12.0,-4.0,-2.0,-16.0,-6.0,13.9,-2.4	0.582411	0.00010339061156303268	0.693591	0.373893	110
MaxYieldNew_MinTime	-16.0,-4.0,-7.0,-16.0,0.0,-3.0,17.4,14.9	0.581243	0.0019924074356303108	0.716587	0.386658	116
MaxYieldNew_MinTime	-12.0,-10.0,-1.0,-14.0,-18.0,-5.0,10.4,14.6	0.578142	0.006617304839904717	0.661841	0.35627	105
MaxYieldNew_MinTime	-18.0,-8.0,-4.0,-14.0,-16.0,-4.0,17.1,13.9	0.576805	0.003501137595554963	0.640936	0.344666	101
MaxYieldNew_MinTime	-2.0,-12.0,-3.0,-8.0,-2.0,-7.0,1.2,8.2	0.576211	0.00011856839984082756	0.873854	0.473953	153
MaxYieldNew_MinTime	-2.0,-14.0,-3.0,-8.0,-2.0,-7.0,1.2,8.2	0.576163	0.00019126484411657502	0.87375	0.473895	153
MaxYieldNew_MinTime	-14.0,-10.0,-5.0,-18.0,-8.0,-3.0,14.6,16.5	0.575685	0.0	0.638514	0.343322	101
MaxYieldNew_MinTime	-4.0,0.0,-6.0,-20.0,-18.0,-4.0,1.7,18.7	0.573377	0.0005051631237970284	0.651541	0.350552	105
MaxYieldNew_MinTime	-14.0,-6.0,-4.0,-16.0,-10.0,-4.0,13.9,15.5	0.573337	0.0010354949572818622	0.643948	0.346338	103
MaxYieldNew_MinTime	-8.0,-16.0,-4.0,-4.0,-2.0,-5.0,9.2,2.9	0.570725	0.000197671893998531	0.825964	0.44737	145
MaxYieldNew_MinTime	-8.0,-18.0,-6.0,-18.0,-6.0,-3.0,8.9,16.5	0.569802	0.00044386457126075206	0.634805	0.341263	103
MaxYieldNew_MinTime	-8.0,-8.0,-4.0,-8.0,-14.0,-4.0,9.2,9.2	0.569301	0.0	0.768837	0.415661	133
MaxYieldNew_MinTime	-8.0,-6.0,-4.0,-8.0,-12.0,-4.0,9.2,9.2	0.569301	0.0	0.768837	0.415661	133
MaxYieldNew_MinTime	-10.0,-10.0,-4.0,-10.0,-14.0,-4.0,10.8,10.8	0.567215	0.0	0.710283	0.383159	121
MaxYieldNew_MinTime	-12.0,-16.0,-5.0,-14.0,-8.0,-2.0,13.0,12.7	0.566639	0.003417341996094885	0.663997	0.357466	111
MaxYieldNew_MinTime	-6.0,-14.0,-3.0,-8.0,-2.0,-7.0,6.9,8.2	0.565659	6.268443754035483e-08	0.846538	0.45879	152
MaxYieldNew_MinTime	-14.0,-4.0,-2.0,-12.0,-6.0,-5.0,12.7,13.0	0.565095	0.0	0.66066	0.355614	111
MaxYieldNew_MinTime	-6.0,-16.0,-6.0,-18.0,-10.0,-3.0,5.8,16.5	0.563882	0.0014776389673182074	0.640021	0.344158	107
MaxYieldNew_MinTime	-20.0,-4.0,-7.0,-20.0,0.0,-3.0,20.6,18.1	0.562668	0.008305355398802904	0.661418	0.356035	113
MaxYieldNew_MinTime	-2.0,-14.0,-5.0,-10.0,-6.0,-4.0,-1.2,10.8	0.560929	0.0003306649695436182	0.728219	0.393114	128
MaxYieldNew_MinTime	-12.0,-2.0,-7.0,-8.0,-2.0,-7.0,14.2,8.2	0.559974	0.003375568138724459	0.82524	0.446968	150
MaxYieldNew_MinTime	-2.0,-16.0,-3.0,-14.0,-16.0,-4.0,1.2,13.9	0.557029	0.00015716261765523482	0.67475	0.363435	118
MaxYieldNew_MinTime	-2.0,-10.0,-7.0,-10.0,0.0,-5.0,-3.6,11.4	0.557023	0.0012420865154917796	0.835375	0.452594	154
MaxYieldNew_MinTime	-16.0,-12.0,-4.0,-10.0,-12.0,-3.0,15.5,10.1	0.555882	0.005732386312988813	0.645246	0.347058	112
MaxYieldNew_MinTime	-2.0,-8.0,-7.0,-6.0,0.0,-1.0,-3.6,5.7	0.555177	0.0017098283056434177	0.841894	0.456213	156
MaxYieldNew_MinTime	-6.0,0.0,-6.0,-2.0,-4.0,-7.0,5.8,-3.6	0.553993	0.0013157727033399733	0.948928	0.515624	181
MaxYieldNew_MinTime	-12.0,-4.0,-5.0,-18.0,-2.0,-7.0,13.0,19.0	0.553782	0.00264158113385828	0.703761	0.379538	126
MaxYieldNew_MinTime	-4.0,-16.0,-7.0,-12.0,-6.0,-1.0,0.5,10.4	0.553457	0.0006501116840124525	0.661023	0.355815	117
MaxYieldNew_MinTime	-4.0,-12.0,-5.0,-6.0,-8.0,-2.0,2.9,6.3	0.553388	0.0020003426823086527	0.835024	0.4524	156
MaxYieldNew_MinTime	-10.0,-4.0,-5.0,-8.0,0.0,-4.0,11.4,9.2	0.552977	0.0017888137049376018	0.775584	0.419405	142
MaxYieldNew_MinTime	-20.0,-16.0,-3.0,-6.0,-12.0,-6.0,18.1,5.8	0.550018	3.613677440361403e-05	0.601041	0.322521	105
MaxYieldNew_MinTime	-6.0,-14.0,-6.0,-14.0,-10.0,-2.0,5.8,12.7	0.548745	0.00022844037595874455	0.65684	0.353494	118
MaxYieldNew_MinTime	-4.0,-12.0,-6.0,-14.0,-4.0,-3.0,1.7,13.3	0.548333	0.003954466125502799	0.649943	0.349666	118
MaxYieldNew_MinTime	-18.0,-10.0,-3.0,-20.0,-8.0,-4.0,16.5,18.7	0.547268	0.0005735156785130546	0.586089	0.314222	103
MaxYieldNew_MinTime	-16.0,-8.0,-4.0,-14.0,-10.0,-3.0,15.5,13.3	0.545925	0.003073364247498162	0.619217	0.33261	111
MaxYieldNew_MinTime	-10.0,-16.0,-6.0,-20.0,-18.0,-1.0,11.9,16.8	0.545871	0.004030461244988426	0.610092	0.327545	109
MaxYieldNew_MinTime	-2.0,-14.0,-2.0,-10.0,-2.0,-7.0,2.3,11.3	0.544839	9.081686836770236e-05	0.842064	0.456307	161
MaxYieldNew_MinTime	-20.0,-2.0,-5.0,-10.0,-14.0,-5.0,19.3,11.4	0.544436	0.0	0.643021	0.345823	117
MaxYieldNew_MinTime	-12.0,-18.0,-4.0,-8.0,-18.0,-3.0,12.3,8.5	0.544117	0.00023323820322754192	0.678363	0.365441	125
MaxYieldNew_MinTime	-14.0,-4.0,-3.0,-16.0,-18.0,-4.0,13.3,15.5	0.542014	0.0003255887185200701	0.610762	0.327917	111
MaxYieldNew_MinTime	-6.0,0.0,-4.0,-2.0,-4.0,-7.0,7.1,-3.6	0.541976	0.0009102443632435152	0.885417	0.480371	173
MaxYieldNew_MinTime	-8.0,-12.0,-1.0,-4.0,-2.0,-7.0,7.3,0.5	0.541067	0.0	0.779863	0.421781	149
MaxYieldNew_MinTime	-16.0,-2.0,-5.0,-16.0,-18.0,-4.0,16.2,15.5	0.540567	0.0008209228479973384	0.640662	0.344514	119
MaxYieldNew_MinTime	-10.0,-18.0,-5.0,-16.0,-12.0,-2.0,11.4,14.3	0.537815	0.00019722617544815391	0.637716	0.342879	119
MaxYieldNew_MinTime	-18.0,-16.0,-4.0,-12.0,-18.0,-1.0,17.1,10.4	0.536328	0.0005714533938997246	0.602974	0.323594	112
MaxYieldNew_MinTime	-10.0,-6.0,-4.0,-6.0,0.0,-4.0,10.8,7.1	0.535849	0.0	0.746063	0.403019	144
MaxYieldNew_MinTime	-12.0,-6.0,-3.0,-12.0,-10.0,-4.0,11.7,12.3	0.534513	0.0017327328960769028	0.644087	0.346415	122
MaxYieldNew_MinTime	-12.0,-2.0,-5.0,-10.0,-10.0,-4.0,13.0,10.8	0.534283	0.00203045808833325	0.709649	0.382807	137
MaxYieldNew_MinTime	-20.0,-12.0,-3.0,-4.0,-6.0,-6.0,18.1,1.7	0.532675	4.88346806984766e-07	0.590571	0.31671	111
MaxYieldNew_MinTime	-8.0,0.0,-5.0,-4.0,-12.0,-5.0,9.5,2.9	0.532079	0.002062730238437886	0.882036	0.478495	176
MaxYieldNew_MinTime	-10.0,-2.0,-6.0,-12.0,-2.0,-7.0,11.9,14.2	0.530207	5.121605905578557e-07	0.787912	0.426248	156
MaxYieldNew_MinTime	-4.0,0.0,-4.0,-2.0,-6.0,-5.0,4.0,-1.2	0.529787	0.0	0.935632	0.508244	189
MaxYieldNew_MinTime	-8.0,-6.0,-4.0,-4.0,-8.0,-1.0,9.2,4.1	0.527264	0.00011798561247146203	0.763534	0.412717	152
MaxYieldNew_MinTime	-4.0,-14.0,-1.0,-12.0,-2.0,-7.0,4.1,14.2	0.520881	7.420088802342452e-05	0.81279	0.440058	166
MaxYieldNew_MinTime	-2.0,-14.0,-2.0,-2.0,-2.0,-5.0,2.3,-1.2	0.514727	0.001592610016187183	1.000659	0.544339	210
MaxYieldNew_MinTime	-20.0,-4.0,-4.0,-16.0,-14.0,-1.0,18.7,13.6	0.51462	0.0	0.569555	0.305044	115
MaxYieldNew_MinTime	-14.0,-4.0,-4.0,-12.0,-18.0,-1.0,13.9,10.4	0.506273	0.005589523680703418	0.614565	0.330028	129
MaxYieldNew_MinTime	-16.0,-8.0,-3.0,-2.0,-16.0,-5.0,14.9,-1.2	0.505812	0.00020109532929310189	0.609065	0.326975	128
MaxYieldNew_MinTime	-12.0,-2.0,-7.0,-6.0,-14.0,-1.0,14.2,5.7	0.502824	0.0001481972274760784	0.778257	0.420889	167
MaxYieldNew_MinTime	-2.0,-2.0,-7.0,-2.0,-18.0,-6.0,-0.0,-0.0	0.498082	0.0	0.957169	0.520199	209
MaxYieldNew_MinTime	-2.0,-18.0,-7.0,-2.0,-4.0,-6.0,-0.0,-0.0	0.498082	0.0	0.957169	0.520199	209
MaxYieldNew_MinTime	-2.0,-18.0,-7.0,-2.0,-16.0,-7.0,-0.0,-0.0	0.498082	0.0	0.957169	0.520199	209
MaxYieldNew_MinTime	-2.0,-16.0,-7.0,-2.0,-16.0,-7.0,-0.0,-0.0	0.498082	0.0	0.957169	0.520199	209
MaxYieldNew_MinTime	-2.0,-14.0,-4.0,-2.0,-10.0,-6.0,-0.0,-0.0	0.498082	0.0	0.957169	0.520199	209
MaxYieldNew_MinTime	-2.0,-12.0,-5.0,-2.0,-4.0,-4.0,-0.0,-0.0	0.498082	0.0	0.957169	0.520199	209
MaxYieldNew_MinTime	-10.0,-12.0,-4.0,-12.0,-10.0,-2.0,10.8,11.1	0.494281	0.00016406424923578615	0.629174	0.338137	138
MaxYieldNew_MinTime	-20.0,-14.0,-3.0,-6.0,-14.0,-3.0,18.1,6.9	0.493902	0.0003590644652577321	0.583315	0.312682	128
MaxYieldNew_MinTime	-4.0,-18.0,-2.0,-18.0,-2.0,-7.0,4.7,19.0	0.493812	9.797276453857049e-05	0.695719	0.375074	153
MaxYieldNew_MinTime	-4.0,-8.0,-2.0,-20.0,-16.0,-3.0,4.7,18.1	0.489813	0.0001400725352517639	0.587988	0.315276	131
MaxYieldNew_MinTime	-20.0,-12.0,-3.0,-10.0,-2.0,-4.0,18.1,10.8	0.488407	0.0	0.584949	0.313589	131
MaxYieldNew_MinTime	-10.0,-8.0,-5.0,-20.0,-14.0,-1.0,11.4,16.8	0.486775	0.0	0.576915	0.30913	130
MaxYieldNew_MinTime	-6.0,-14.0,-1.0,-18.0,-2.0,-7.0,5.7,19.0	0.486089	0.00011517385277857207	0.697038	0.375807	157
MaxYieldNew_MinTime	-4.0,0.0,-2.0,-20.0,-16.0,-3.0,4.7,18.1	0.485142	0.00012077740138113314	0.591401	0.31717	134
MaxYieldNew_MinTime	-8.0,-16.0,-3.0,-16.0,-14.0,-3.0,8.5,14.9	0.483113	0.0008098573216631595	0.596023	0.319736	136
MaxYieldNew_MinTime	-6.0,-14.0,-3.0,-16.0,-16.0,-3.0,6.9,14.9	0.478403	0.00046909212694690573	0.590345	0.316584	137
MaxYieldNew_MinTime	-4.0,-12.0,-7.0,-2.0,-8.0,-7.0,0.5,-3.6	0.476917	0.41302291958600357	1.034333	0.563031	120
MaxYieldNew_MinTime	-4.0,-16.0,-7.0,-2.0,-12.0,-7.0,0.5,-3.6	0.476439	0.4126147611249397	1.037688	0.564893	121
MaxYieldNew_MinTime	-18.0,-8.0,-3.0,-6.0,-4.0,-2.0,16.5,6.3	0.47599	0.00029289475118291625	0.580623	0.311188	136
MaxYieldNew_MinTime	-20.0,-12.0,-3.0,-8.0,-14.0,-1.0,18.1,7.3	0.474483	0.00021959052755843075	0.568358	0.30438	134
MaxYieldNew_MinTime	-4.0,-6.0,-3.0,-12.0,-10.0,-3.0,4.7,11.7	0.47071	0.0005354843244020166	0.645775	0.347352	153
MaxYieldNew_MinTime	-14.0,-2.0,-7.0,-10.0,0.0,-4.0,15.8,10.8	0.466213	0.0	0.744147	0.401956	177
MaxYieldNew_MinTime	-14.0,0.0,-1.0,-4.0,0.0,-2.0,12.0,4.7	0.464364	0.0002004024986110001	0.321287	0.167237	84
MaxYieldNew_MinTime	-14.0,-8.0,-1.0,-2.0,-10.0,-7.0,12.0,-3.6	0.462864	0.0007280640257970169	0.552246	0.295437	136
MaxYieldNew_MinTime	-18.0,-12.0,-2.0,-2.0,-6.0,-7.0,15.9,-3.6	0.457402	0.00015256483564632218	0.544943	0.291383	137
MaxYieldNew_MinTime	-8.0,-8.0,-1.0,-18.0,-16.0,-3.0,7.3,16.5	0.456784	0.0	0.552615	0.295641	139
MaxYieldNew_MinTime	-6.0,-10.0,-4.0,-20.0,-2.0,-3.0,7.1,18.1	0.455507	0.0008718663748004394	0.585885	0.314109	147
MaxYieldNew_MinTime	-8.0,-18.0,-3.0,-4.0,-12.0,-3.0,8.5,4.7	0.445477	0.0008411334063331735	0.699318	0.377072	177
MaxYieldNew_MinTime	-2.0,0.0,-6.0,-16.0,-2.0,-5.0,0.0,16.2	0.445292	6.493816101966882e-07	0.658382	0.35435	168
MaxYieldNew_MinTime	-2.0,-6.0,-6.0,-14.0,-12.0,-2.0,-2.4,12.7	0.442422	0.0002679421714111104	0.557597	0.298406	147
MaxYieldNew_MinTime	-16.0,0.0,-6.0,-2.0,-10.0,-6.0,16.8,-2.4	0.442231	0.0013470119863278128	0.756856	0.40901	192
MaxYieldNew_MinTime	-2.0,-12.0,-4.0,-6.0,0.0,-7.0,-0.0,4.7	0.441932	0.0005560296935487961	0.975401	0.530319	240
MaxYieldNew_MinTime	-2.0,-16.0,-4.0,-6.0,0.0,-7.0,-0.0,4.7	0.44193	0.0005524683438061504	0.975396	0.530316	240
MaxYieldNew_MinTime	-8.0,-4.0,-2.0,-12.0,-16.0,-3.0,7.9,11.7	0.440746	0.000771177130508129	0.603517	0.323895	158
MaxYieldNew_MinTime	-20.0,-2.0,-7.0,-16.0,-10.0,-1.0,20.6,13.6	0.435685	0.00010552872559819639	0.612093	0.328656	163
MaxYieldNew_MinTime	-10.0,-14.0,-1.0,-2.0,-14.0,-6.0,8.9,-2.4	0.435052	0.0007358412613146408	0.577695	0.309562	155
MaxYieldNew_MinTime	-2.0,0.0,-4.0,-8.0,0.0,-2.0,0.0,7.9	0.433396	1.5613157263725184e-07	0.434495	0.230076	124
MaxYieldNew_MinTime	-6.0,-2.0,-4.0,-2.0,-14.0,-3.0,7.1,1.2	0.433031	0.0048110653382942604	0.813533	0.44047	209
MaxYieldNew_MinTime	-16.0,0.0,-6.0,-2.0,-6.0,-7.0,16.8,-3.6	0.428429	0.00202301265532447	0.757045	0.409115	198
MaxYieldNew_MinTime	-14.0,-2.0,-5.0,-4.0,-18.0,-1.0,14.6,4.1	0.426083	7.420088375047323e-05	0.643878	0.346299	174
MaxYieldNew_MinTime	-6.0,-2.0,-1.0,-2.0,-16.0,-5.0,5.7,-1.2	0.421423	0.0017060489706440495	0.692356	0.373208	187
MaxYieldNew_MinTime	-20.0,-10.0,-2.0,-14.0,-14.0,-3.0,17.4,13.3	0.417997	0.0027159655704729656	0.536321	0.286597	154
MaxYieldNew_MinTime	-12.0,-6.0,-3.0,-14.0,-16.0,-2.0,11.7,12.7	0.417952	0.0	0.558744	0.299043	159
MaxYieldNew_MinTime	-20.0,-12.0,-1.0,-20.0,-14.0,-3.0,16.8,18.1	0.410162	0.005845572270585792	0.510374	0.272195	153
MaxYieldNew_MinTime	-14.0,0.0,-5.0,-8.0,-12.0,-4.0,14.6,9.2	0.405813	0.0	0.708152	0.381976	198
MaxYieldNew_MinTime	-10.0,-18.0,-2.0,-16.0,-2.0,-4.0,9.5,15.5	0.401821	0.0	0.586924	0.314685	173
MaxYieldNew_MinTime	-12.0,-18.0,-1.0,-16.0,-2.0,-5.0,10.4,16.2	0.401367	9.385596463571385e-05	0.611464	0.328307	179
MaxYieldNew_MinTime	-4.0,0.0,-2.0,-16.0,-2.0,-4.0,4.7,15.5	0.400834	0.00013648005969572487	0.616317	0.331001	180
MaxYieldNew_MinTime	-2.0,-8.0,-4.0,-4.0,0.0,-3.0,-0.0,4.7	0.396756	0.0014008897865232614	0.877734	0.476107	240
MaxYieldNew_MinTime	-12.0,-2.0,-7.0,-16.0,0.0,-1.0,14.2,13.6	0.396522	0.0	0.661042	0.355826	192
MaxYieldNew_MinTime	-6.0,-18.0,-4.0,-12.0,0.0,-3.0,7.1,11.7	0.387126	0.0	0.663248	0.357051	197
MaxYieldNew_MinTime	-18.0,0.0,-6.0,-10.0,-8.0,-4.0,18.4,10.8	0.386145	0.0038455570908674298	0.689653	0.371707	202
MaxYieldNew_MinTime	-20.0,-2.0,-4.0,-12.0,-6.0,-1.0,18.7,10.4	0.381704	0.0004982959485884576	0.55244	0.295544	175
MaxYieldNew_MinTime	-4.0,-6.0,-5.0,-18.0,-14.0,-1.0,2.9,15.2	0.381566	0.0011890163074385494	0.516112	0.275379	167
MaxYieldNew_MinTime	-4.0,-12.0,-5.0,-18.0,-16.0,-1.0,2.9,15.2	0.381566	0.0011890163074385494	0.516112	0.275379	167
MaxYieldNew_MinTime	-18.0,-12.0,-1.0,-4.0,-6.0,-5.0,15.2,2.9	0.38088	0.0011891288025983075	0.514628	0.274556	167
MaxYieldNew_MinTime	-8.0,-14.0,-4.0,-18.0,-16.0,-1.0,9.2,15.2	0.377824	0.0005640744333204528	0.539549	0.288389	175
MaxYieldNew_MinTime	-2.0,-16.0,-4.0,-8.0,0.0,-7.0,-0.0,8.2	0.373663	0.0004758075052204063	0.827811	0.448396	240
MaxYieldNew_MinTime	-6.0,-10.0,-3.0,-20.0,-8.0,-2.0,6.9,17.4	0.37307	0.0005644195451727585	0.533775	0.285183	175
MaxYieldNew_MinTime	-20.0,-12.0,-1.0,-16.0,-8.0,-3.0,16.8,14.9	0.366988	0.004469825919145629	0.510119	0.272053	174
MaxYieldNew_MinTime	-4.0,-2.0,-2.0,-6.0,0.0,-7.0,4.7,4.7	0.355884	0.008198845041801224	0.789376	0.427061	240
MaxYieldNew_MinTime	-16.0,-10.0,-1.0,-12.0,-8.0,-3.0,13.6,11.7	0.350733	0.0	0.526021	0.28088	184
MaxYieldNew_MinTime	-2.0,-6.0,-5.0,-16.0,0.0,-6.0,-1.2,16.8	0.341943	0.001208658131039621	0.748727	0.404498	238
MaxYieldNew_MinTime	-2.0,-10.0,-5.0,-16.0,0.0,-6.0,-1.2,16.8	0.341802	0.0013121428919743749	0.748423	0.404329	237
MaxYieldNew_MinTime	-12.0,-8.0,-2.0,-18.0,-18.0,-2.0,11.1,15.9	0.32438	0.00011147591588501628	0.500577	0.266756	191
MaxYieldNew_MinTime	-18.0,-16.0,-2.0,-8.0,-2.0,-2.0,15.9,7.9	0.320053	0.0005550398280458163	0.504733	0.269063	194
MaxYieldNew_MinTime	-16.0,-6.0,-1.0,-2.0,-10.0,-5.0,13.6,-1.2	0.318077	0.0011067085163092006	0.492956	0.262526	192
MaxYieldNew_MinTime	-6.0,-4.0,-4.0,-16.0,0.0,-7.0,7.1,17.4	0.313078	0.0015896439674169642	0.696833	0.375693	240
MaxYieldNew_MinTime	-6.0,-18.0,-4.0,-20.0,-12.0,-1.0,7.1,16.8	0.31183	0.0010940502617044353	0.506473	0.270029	200
MaxYieldNew_MinTime	-4.0,-2.0,-3.0,-4.0,-4.0,-2.0,4.7,4.7	0.309935	0.0015042515181652534	0.69004	0.371922	240
MaxYieldNew_MinTime	-18.0,-14.0,-2.0,-8.0,-16.0,-1.0,15.9,7.3	0.292725	0.0	0.504205	0.26877	207
MaxYieldNew_MinTime	-16.0,-8.0,-1.0,-4.0,-12.0,-4.0,13.6,4.0	0.286733	0.0005159004183176196	0.504763	0.26908	210
MaxYieldNew_MinTime	-6.0,-2.0,-2.0,-2.0,-12.0,-3.0,6.3,1.2	0.279702	1.688730284669714e-07	0.62468	0.335643	240
MaxYieldNew_MinTime	-12.0,-14.0,-2.0,-2.0,-10.0,-2.0,11.1,2.3	0.278026	8.275140638673539e-05	0.535483	0.286131	221
MaxYieldNew_MinTime	-8.0,-18.0,-1.0,-2.0,-10.0,-4.0,7.3,-0.0	0.277447	9.575286857048001e-05	0.562755	0.301269	228
MaxYieldNew_MinTime	-8.0,-10.0,-3.0,-14.0,-6.0,-1.0,8.5,12.0	0.276225	0.002906609202656603	0.516575	0.275636	218
MaxYieldNew_MinTime	-12.0,-2.0,-3.0,-12.0,-18.0,-1.0,11.7,10.4	0.273969	0.0	0.531216	0.283763	222
MaxYieldNew_MinTime	-6.0,0.0,-1.0,-2.0,0.0,-2.0,5.7,2.3	0.272953	8.179261540111525e-08	0.35787	0.187543	184
MaxYieldNew_MinTime	-10.0,-2.0,-3.0,-10.0,-6.0,-1.0,10.1,8.9	0.265875	0.00039634752160852603	0.549748	0.294049	230
MaxYieldNew_MinTime	-18.0,0.0,-4.0,-14.0,-2.0,-5.0,17.1,14.6	0.264478	0.0009928470238686157	0.591767	0.317373	240
MaxYieldNew_MinTime	-2.0,-14.0,-1.0,-10.0,-10.0,-2.0,2.5,9.5	0.237245	3.916059748228725e-05	0.532892	0.284694	240
MaxYieldNew_MinTime	-4.0,-18.0,-2.0,-14.0,0.0,-6.0,4.7,15.2	0.233659	0.0	0.525141	0.280391	240
MaxYieldNew_MinTime	-6.0,0.0,-4.0,-6.0,-18.0,-1.0,7.1,5.7	0.232733	0.00039192238755426234	0.523139	0.27928	240
MaxYieldNew_MinTime	-12.0,0.0,-2.0,-16.0,-18.0,-2.0,11.1,14.3	0.223022	0.0	0.502144	0.267626	240
MaxYieldNew_MinTime	-10.0,-14.0,-1.0,-4.0,-4.0,-3.0,8.9,4.7	0.220032	1.1686566920169963e-07	0.49568	0.264038	240
MaxYieldNew_MinTime	-2.0,-16.0,-4.0,-14.0,-6.0,-1.0,-0.0,12.0	0.213868	0.0004902108016019342	0.477851	0.254142	239
MaxYieldNew_MinTime	-18.0,0.0,-6.0,-2.0,-8.0,-1.0,18.4,2.5	0.211291	2.697645841644784e-05	0.476784	0.253549	240
MaxYieldNew_MinTime	-16.0,0.0,-4.0,-2.0,-2.0,-5.0,15.5,-1.2	0.204404	0.00037628526029687934	0.461896	0.245285	240
MaxYieldNew_MinTime	-4.0,-10.0,-3.0,-12.0,0.0,-1.0,4.7,10.4	0.203326	0.0008224288845055746	0.459565	0.243991	240
MaxYieldNew_MinTime	-12.0,-14.0,-1.0,-4.0,-4.0,-3.0,10.4,4.7	0.202377	1.5040312518848212e-07	0.457512	0.242852	240
MaxYieldNew_MinTime	-12.0,-2.0,-1.0,-12.0,-12.0,-2.0,10.4,11.1	0.202222	0.0018406413004668674	0.457178	0.242666	240
MaxYieldNew_MinTime	-18.0,-10.0,-1.0,-2.0,-14.0,-4.0,15.2,-0.0	0.198545	2.422094406551409e-06	0.449228	0.238254	240
MaxYieldNew_MinTime	-20.0,0.0,-7.0,-12.0,-2.0,-1.0,20.6,10.4	0.193825	0.0	0.439024	0.23259	240
MaxYieldNew_MinTime	-14.0,-6.0,-2.0,-16.0,-4.0,-1.0,12.7,13.6	0.192655	0.001000531144585464	0.436494	0.231186	240
MaxYieldNew_MinTime	-4.0,-16.0,-3.0,-14.0,-4.0,-1.0,4.7,12.0	0.192654	0.0006779115624639222	0.436493	0.231185	240
MaxYieldNew_MinTime	-10.0,-6.0,-1.0,-8.0,0.0,-4.0,8.9,9.2	0.192503	0.0	0.436167	0.231004	240
MaxYieldNew_MinTime	-2.0,-12.0,-3.0,-18.0,0.0,-3.0,1.2,16.5	0.190387	0.0001839195031727578	0.431592	0.228464	240
MaxYieldNew_MinTime	-10.0,-12.0,-2.0,-14.0,0.0,-2.0,9.5,12.7	0.188761	0.0015009522048350702	0.428076	0.226513	240
MaxYieldNew_MinTime	-6.0,-8.0,-2.0,-8.0,0.0,-1.0,6.3,7.3	0.186806	0.0	0.42385	0.224167	240
MaxYieldNew_MinTime	-20.0,0.0,-6.0,-20.0,-8.0,-1.0,20.0,16.8	0.176703	0.0015678370284956888	0.402008	0.212043	240
MaxYieldNew_MinTime	-10.0,-18.0,-1.0,-6.0,-8.0,-2.0,8.9,6.3	0.175559	0.0009233701618603803	0.399535	0.21067	240
MaxYieldNew_MinTime	-12.0,-16.0,-2.0,-20.0,0.0,-1.0,11.1,16.8	0.172655	0.0015033947347101197	0.393258	0.207186	240
MaxYieldNew_MinTime	-16.0,0.0,-5.0,-20.0,-14.0,-1.0,16.2,16.8	0.166712	0.0	0.380409	0.200054	240
MaxYieldNew_MinTime	-16.0,-16.0,-1.0,-2.0,-14.0,-3.0,13.6,1.2	0.163867	0.0002119269160187786	0.374259	0.19664	240
MaxYieldNew_MinTime	-2.0,-2.0,-3.0,-12.0,-8.0,-1.0,1.2,10.4	0.162465	1.666777912824157e-07	0.371227	0.194957	240
MaxYieldNew_MinTime	-4.0,-4.0,-2.0,-12.0,-2.0,-1.0,4.7,10.4	0.156865	0.0003187670453442912	0.359122	0.188238	240
MaxYieldNew_MinTime	-16.0,-16.0,-1.0,-6.0,0.0,-3.0,13.6,6.9	0.148491	0.0005561341326947559	0.341017	0.178189	240
MaxYieldNew_MinTime	-12.0,-16.0,-1.0,-4.0,0.0,-2.0,10.4,4.7	0.143821	0.00025147036821085986	0.330922	0.172585	240
MaxYieldNew_MinTime	-8.0,-10.0,-1.0,-4.0,-2.0,-1.0,7.3,4.1	0.140572	0.0001923696535146751	0.323899	0.168687	240
MaxYieldNew_MinTime	-8.0,0.0,-1.0,-2.0,-6.0,-1.0,7.3,2.5	0.138905	0.0	0.320294	0.166686	240
MaxYieldNew_MinTime	-4.0,-12.0,-1.0,-10.0,-16.0,-1.0,4.1,8.9	0.137991	0.0001406183520925385	0.318318	0.165589	240
MaxYieldNew_MinTime	-10.0,-12.0,-1.0,-18.0,-6.0,-1.0,8.9,15.2	0.134951	0.0004818884388651598	0.311746	0.161941	240
MaxYieldNew_MinTime	-2.0,-14.0,-7.0,-2.0,-4.0,-3.0,-3.6,1.2	0.0	0.0	1.236717	0.675369	181
MaxYieldNew_MinTime	-2.0,-14.0,-7.0,-2.0,0.0,-3.0,-3.6,1.2	0.0	0.0	1.23139	0.672412	181
