[1] "All configurations:"
[1] 500
               glu1          ac1         o21        glu2         ac2
glu1     1.00000000 -0.111859247 -0.12251547  0.26081922  0.12521310
ac1     -0.11185925  1.000000000  0.10825282 -0.15002171 -0.06533743
o21     -0.12251547  0.108252823  1.00000000 -0.23463247 -0.06901365
glu2     0.26081922 -0.150021713 -0.23463247  1.00000000  0.13896097
ac2      0.12521310 -0.065337427 -0.06901365  0.13896097  1.00000000
o22     -0.25346900 -0.003271976  0.06890685 -0.20128792  0.02002397
sd       0.05199776 -0.041907888 -0.07576751  0.07282723 -0.01569639
fitness  0.13572336 -0.180669756 -0.51890771  0.19982300 -0.10320831
                 o22          sd    fitness
glu1    -0.253468996  0.05199776  0.1357234
ac1     -0.003271976 -0.04190789 -0.1806698
o21      0.068906850 -0.07576751 -0.5189077
glu2    -0.201287924  0.07282723  0.1998230
ac2      0.020023969 -0.01569639 -0.1032083
o22      1.000000000 -0.07574629 -0.4758462
sd      -0.075746291  1.00000000 -0.2157161
fitness -0.475846192 -0.21571613  1.0000000
[1] "Sd<0.1:"
[1] 498
              glu1          ac1         o21         glu2         ac2
glu1     1.0000000 -0.109917251 -0.11964575  0.257944457  0.12636306
ac1     -0.1099173  1.000000000  0.10608943 -0.147591744 -0.06660518
o21     -0.1196457  0.106089430  1.00000000 -0.231288579 -0.07018656
glu2     0.2579445 -0.147591744 -0.23128858  1.000000000  0.14061406
ac2      0.1263631 -0.066605178 -0.07018656  0.140614064  1.00000000
o22     -0.2507536 -0.006059215  0.06511075 -0.197359135  0.01893319
sd      -0.0259513 -0.013209325 -0.20333279  0.005568033  0.01496467
fitness  0.1525683 -0.195630174 -0.54860010  0.223189818 -0.11012971
                 o22           sd    fitness
glu1    -0.250753603 -0.025951298  0.1525683
ac1     -0.006059215 -0.013209325 -0.1956302
o21      0.065110753 -0.203332786 -0.5486001
glu2    -0.197359135  0.005568033  0.2231898
ac2      0.018933187  0.014964671 -0.1101297
o22      1.000000000 -0.109913060 -0.5062154
sd      -0.109913060  1.000000000  0.1917491
fitness -0.506215397  0.191749137  1.0000000
