[1] "All configurations:"
[1] 500
                glu1          ac1         o21         glu2          ac2
glu1     1.000000000  0.014122126 -0.04247095  0.155945909 -0.008403778
ac1      0.014122126  1.000000000  0.12736951  0.024308847 -0.002358988
o21     -0.042470954  0.127369513  1.00000000 -0.067541625  0.010744874
glu2     0.155945909  0.024308847 -0.06754163  1.000000000 -0.069852965
ac2     -0.008403778 -0.002358988  0.01074487 -0.069852965  1.000000000
o22     -0.093508880 -0.140098070 -0.47633416  0.008359447  0.065221860
sd      -0.005782861 -0.048409460 -0.13457152 -0.016826739 -0.103105525
fitness -0.077956061 -0.014501057  0.02149503 -0.097237329  0.084454118
                 o22           sd     fitness
glu1    -0.093508880 -0.005782861 -0.07795606
ac1     -0.140098070 -0.048409460 -0.01450106
o21     -0.476334163 -0.134571522  0.02149503
glu2     0.008359447 -0.016826739 -0.09723733
ac2      0.065221860 -0.103105525  0.08445412
o22      1.000000000 -0.052765359  0.04741183
sd      -0.052765359  1.000000000 -0.43330236
fitness  0.047411831 -0.433302359  1.00000000
[1] "Sd<0.1:"
[1] 468
                glu1          ac1          o21         glu2          ac2
glu1     1.000000000  0.023316477 -0.047574864  0.153767363  0.005270945
ac1      0.023316477  1.000000000  0.118715377  0.013196907 -0.021934821
o21     -0.047574864  0.118715377  1.000000000 -0.079406129 -0.009358752
glu2     0.153767363  0.013196907 -0.079406129  1.000000000 -0.081660078
ac2      0.005270945 -0.021934821 -0.009358752 -0.081660078  1.000000000
o22     -0.098908435 -0.142482261 -0.477823274  0.008736607  0.068581973
sd      -0.139856179  0.008666687  0.018341937 -0.096331624  0.008912557
fitness -0.087956205 -0.041796273 -0.045169029 -0.116322097  0.044491677
                 o22           sd     fitness
glu1    -0.098908435 -0.139856179 -0.08795621
ac1     -0.142482261  0.008666687 -0.04179627
o21     -0.477823274  0.018341937 -0.04516903
glu2     0.008736607 -0.096331624 -0.11632210
ac2      0.068581973  0.008912557  0.04449168
o22      1.000000000 -0.059113653  0.02902961
sd      -0.059113653  1.000000000  0.26140787
fitness  0.029029611  0.261407866  1.00000000
