[1] "All configurations:"
[1] 500
               glu1          ac1         o21        glu2          ac2
glu1     1.00000000 -0.079188745  0.07220585  0.37394526  0.104719152
ac1     -0.07918874  1.000000000  0.10355473 -0.02584079 -0.003552685
o21      0.07220585  0.103554726  1.00000000  0.03395566 -0.069443685
glu2     0.37394526 -0.025840792  0.03395566  1.00000000  0.116279816
ac2      0.10471915 -0.003552685 -0.06944368  0.11627982  1.000000000
o22      0.12824782 -0.119200176 -0.63739913  0.22560892  0.179499491
sd      -0.09420841  0.001581359 -0.07605362 -0.11568456 -0.023074774
fitness -0.46914562  0.028501916 -0.02929597 -0.47880707 -0.054222585
                o22           sd     fitness
glu1     0.12824782 -0.094208413 -0.46914562
ac1     -0.11920018  0.001581359  0.02850192
o21     -0.63739913 -0.076053621 -0.02929597
glu2     0.22560892 -0.115684556 -0.47880707
ac2      0.17949949 -0.023074774 -0.05422259
o22      1.00000000 -0.099245720 -0.17231375
sd      -0.09924572  1.000000000 -0.44979007
fitness -0.17231375 -0.449790068  1.00000000
[1] "Sd<0.1:"
[1] 467
               glu1          ac1          o21        glu2          ac2
glu1     1.00000000 -0.091772602  0.070577281  0.35266373  0.108771253
ac1     -0.09177260  1.000000000  0.087005603 -0.03613400  0.006748097
o21      0.07057728  0.087005603  1.000000000  0.03340743 -0.062421323
glu2     0.35266373 -0.036134001  0.033407427  1.00000000  0.119988656
ac2      0.10877125  0.006748097 -0.062421323  0.11998866  1.000000000
o22      0.12855559 -0.107151101 -0.622808706  0.22411782  0.177877611
sd       0.01130178 -0.028450122  0.002254788  0.04365358 -0.005216183
fitness -0.57301949  0.040674254 -0.075850354 -0.59537596 -0.074864947
                 o22           sd      fitness
glu1     0.128555587  0.011301778 -0.573019494
ac1     -0.107151101 -0.028450122  0.040674254
o21     -0.622808706  0.002254788 -0.075850354
glu2     0.224117821  0.043653581 -0.595375965
ac2      0.177877611 -0.005216183 -0.074864947
o22      1.000000000  0.006066367 -0.253200995
sd       0.006066367  1.000000000 -0.009746215
fitness -0.253200995 -0.009746215  1.000000000
