[1] "All configurations:"
[1] 500
               glu1         ac1        o21          glu2          ac2
glu1     1.00000000  0.03673508  0.1773696  0.0956964016 -0.046998993
ac1      0.03673508  1.00000000  0.1732561  0.0486882636  0.076274989
o21      0.17736955  0.17325607  1.0000000  0.1380808610 -0.105234553
glu2     0.09569640  0.04868826  0.1380809  1.0000000000 -0.089151683
ac2     -0.04699899  0.07627499 -0.1052346 -0.0891516827  1.000000000
o22     -0.14283169 -0.06597273 -0.5644440 -0.0857399546  0.133677770
sd       0.04087169 -0.03973846 -0.1316881  0.0001474213 -0.109884193
fitness -0.15421144 -0.13095863 -0.0093464 -0.2052698068  0.004659527
                 o22            sd      fitness
glu1    -0.142831693  0.0408716873 -0.154211444
ac1     -0.065972726 -0.0397384634 -0.130958625
o21     -0.564443967 -0.1316880916 -0.009346400
glu2    -0.085739955  0.0001474213 -0.205269807
ac2      0.133677770 -0.1098841929  0.004659527
o22      1.000000000 -0.0033627812  0.021204227
sd      -0.003362781  1.0000000000 -0.411493600
fitness  0.021204227 -0.4114936004  1.000000000
[1] "Sd<0.1:"
[1] 473
                glu1         ac1         o21        glu2         ac2
glu1     1.000000000  0.03485254  0.18159602  0.08196500 -0.04383351
ac1      0.034852541  1.00000000  0.18422441  0.04073676  0.07143371
o21      0.181596016  0.18422441  1.00000000  0.13503398 -0.11422562
glu2     0.081964998  0.04073676  0.13503398  1.00000000 -0.08751845
ac2     -0.043833510  0.07143371 -0.11422562 -0.08751845  1.00000000
o22     -0.137803835 -0.07981734 -0.56051703 -0.07685677  0.12836885
sd       0.009477242  0.02408331 -0.07269426 -0.11324789  0.01636451
fitness -0.152827055 -0.16556620 -0.07086601 -0.22721214 -0.04717459
                o22           sd     fitness
glu1    -0.13780384  0.009477242 -0.15282706
ac1     -0.07981734  0.024083312 -0.16556620
o21     -0.56051703 -0.072694258 -0.07086601
glu2    -0.07685677 -0.113247892 -0.22721214
ac2      0.12836885  0.016364515 -0.04717459
o22      1.00000000 -0.036978395  0.02232758
sd      -0.03697839  1.000000000  0.25392436
fitness  0.02232758  0.253924364  1.00000000
