Fitness_function	configuration	fitness	sd	C80aPHA(mM)	sucr(mM)	endCycle
MaxPHA	40.0,2.0,0.2,0.5	0.89712	0.0	22.427998	0.0	1000
MaxPHA	40.0,2.0,0.175,0.5	0.897108	0.0	22.427708	0.0	1000
MaxPHA	40.0,2.0,0.125,0.5	0.897085	0.0	22.427128	0.0	1000
MaxPHA	40.0,2.0,0.2,1.0	0.891081	0.0	22.277026	0.0	1000
MaxPHA	40.0,2.0,0.175,1.0	0.891058	0.0	22.27644	0.0	1000
MaxPHA	40.0,2.0,0.15,1.0	0.891034	0.0	22.275854	0.0	1000
MaxPHA	40.0,2.0,0.125,1.0	0.89102	0.0	22.275506	0.0	1000
MaxPHA	40.0,2.0,0.1,1.0	0.89102	0.0	22.275506	0.0	1000
MaxPHA	40.0,2.0,0.2,1.5	0.884772	0.0	22.119293	0.0	1000
MaxPHA	40.0,2.0,0.175,1.5	0.884742	0.0	22.118553	0.0	1000
MaxPHA	40.0,2.0,0.075,1.5	0.882854	0.0	22.071347	0.0	1000
MaxPHA	40.0,2.0,0.1,1.5	0.882643	0.0	22.066063	0.0	1000
MaxPHA	40.0,2.0,0.2,2.0	0.878235	0.0	21.955868	0.0	1000
MaxPHA	40.0,2.0,0.175,2.0	0.878235	0.0	21.955868	0.0	1000
MaxPHA	40.0,2.0,0.15,2.0	0.87586	0.0	21.896497	0.0	1000
MaxPHA	40.0,2.0,0.02,2.0	0.871356	0.0	21.78391	0.416014	1000
MaxPHA	40.0,2.0,0.2,2.5	0.868813	0.0	21.720337	0.0	1000
MaxPHA	40.0,2.0,0.02,3.0	0.865771	0.0	21.644281	0.0	1000
MaxPHA	40.0,2.0,0.05,3.0	0.865277	0.0	21.631922	0.0	1000
MaxPHA	40.0,2.0,0.1,3.0	0.862925	0.0	21.573136	0.0	1000
MaxPHA	40.0,2.0,0.125,3.0	0.862801	0.0	21.570036	0.0	1000
MaxPHA	40.0,2.0,0.15,3.0	0.862677	0.0	21.566935	0.0	1000
MaxPHA	40.0,2.0,0.175,3.0	0.86244	0.0	21.560996	0.0	1000
MaxPHA	40.0,2.0,0.2,3.0	0.862128	0.0	21.553204	0.0	1000
MaxPHA	40.0,2.0,0.02,3.5	0.858441	0.0	21.461027	0.0	1000
MaxPHA	40.0,2.0,0.05,3.5	0.858067	0.0	21.451674	0.0	1000
MaxPHA	40.0,2.0,0.175,3.5	0.85769	0.0	21.442258	0.0	1000
MaxPHA	40.0,2.0,0.2,3.5	0.854583	0.0	21.364569	0.0	1000
MaxPHA	40.0,2.0,0.175,4.0	0.850338	0.0	21.258459	0.0	1000
MaxPHA	40.0,2.0,0.2,4.0	0.850313	0.0	21.257833	0.0	1000
MaxPHA	40.0,2.0,0.075,4.0	0.850276	0.0	21.256894	0.0	1000
MaxPHA	40.0,2.0,0.15,4.0	0.850248	0.0	21.256209	0.0	1000
MaxPHA	40.0,2.0,0.1,4.0	0.850214	0.0	21.255352	0.0	1000
MaxPHA	40.0,2.0,0.02,4.0	0.848931	0.0	21.22327	0.0	1000
MaxPHA	40.0,2.0,0.02,4.5	0.843873	0.0	21.096823	0.0	1000
MaxPHA	50.0,2.0,0.125,0.5	0.840181	0.0	21.004536	0.0	1000
MaxPHA	50.0,2.0,0.175,0.5	0.840162	0.0	21.004049	0.0	1000
MaxPHA	50.0,2.0,0.2,0.5	0.840152	0.0	21.003805	0.0	1000
MaxPHA	40.0,2.0,0.02,5.0	0.835871	0.0	20.896764	0.0	1000
MaxPHA	50.0,2.0,0.2,1.0	0.835554	0.0	20.888839	0.0	1000
MaxPHA	40.0,2.0,0.075,5.0	0.835177	0.0	20.879417	0.0	1000
MaxPHA	50.0,2.0,0.05,1.0	0.8351	0.0	20.877489	0.008801	1000
MaxPHA	40.0,2.0,0.15,5.0	0.831014	0.0	20.77536	0.0	1000
MaxPHA	40.0,2.0,0.175,5.0	0.830937	0.0	20.773432	0.0	1000
MaxPHA	50.0,2.0,0.2,2.0	0.826309	0.0	20.657718	0.0	1000
MaxPHA	50.0,2.0,0.02,2.5	0.822108	0.0	20.552688	0.0	1000
MaxPHA	50.0,2.0,0.1,2.5	0.821927	0.0	20.548168	0.0	1000
MaxPHA	50.0,2.0,0.075,2.5	0.821894	0.0	20.547353	0.0	1000
MaxPHA	50.0,2.0,0.05,2.5	0.821853	0.0	20.546314	0.0	1000
MaxPHA	50.0,2.0,0.2,3.0	0.816921	0.0	20.423029	0.0	1000
MaxPHA	50.0,2.0,0.2,3.5	0.81234	0.0	20.308507	0.0	1000
MaxPHA	50.0,2.0,0.175,3.5	0.812298	0.0	20.307459	0.0	1000
MaxPHA	50.0,2.0,0.02,4.0	0.808054	0.0	20.201359	0.0	1000
MaxPHA	50.0,2.0,0.175,4.0	0.807584	0.0	20.189609	0.0	1000
MaxPHA	50.0,2.0,0.175,4.5	0.802885	0.0	20.072132	0.0	1000
MaxPHA	40.0,2.0,0.2,7.0	0.801393	0.0	20.03482	0.0	1000
MaxPHA	50.0,2.0,0.02,5.0	0.798659	0.0	19.96647	0.0	1000
MaxPHA	50.0,2.0,0.2,5.0	0.798073	0.0	19.951818	0.0	1000
MaxPHA	40.0,1.75,0.2,0.5	0.79749	0.0	19.93724	0.0	1000
MaxPHA	40.0,1.75,0.2,1.0	0.792536	0.0	19.813407	0.0	1000
MaxPHA	50.0,2.0,0.2,6.0	0.788514	0.0	19.712859	0.0	1000
MaxPHA	40.0,1.75,0.2,1.5	0.787288	0.0	19.682192	0.0	1000
MaxPHA	40.0,2.0,0.05,1.0	0.783429	0.0	19.585737	4.424974	1000
MaxPHA	40.0,1.75,0.2,2.0	0.781776	0.0	19.544406	0.0	1000
MaxPHA	50.0,2.0,0.075,7.0	0.779457	0.0	19.486428	0.0	1000
MaxPHA	50.0,2.0,0.2,7.0	0.778855	0.0	19.471375	0.0	1000
MaxPHA	40.0,1.75,0.05,3.0	0.770569	0.0	19.264224	0.0	1000
MaxPHA	40.0,1.75,0.1,3.0	0.770466	0.0	19.261647	0.0	1000
MaxPHA	40.0,1.75,0.15,3.0	0.770369	0.0	19.259218	0.0	1000
MaxPHA	40.0,1.75,0.2,3.0	0.768353	0.0	19.208822	0.0	1000
MaxPHA	40.0,1.75,0.15,3.5	0.764211	0.0	19.105273	0.0	1000
MaxPHA	40.0,1.75,0.2,3.5	0.764149	0.0	19.103719	0.0	1000
MaxPHA	40.0,1.75,0.05,3.5	0.762338	0.0	19.058457	0.0	1000
MaxPHA	40.0,2.0,0.075,0.5	0.757494	0.0	18.937341	5.912791	1000
MaxPHA	40.0,1.75,0.075,4.0	0.756022	0.0	18.900556	0.0	1000
MaxPHA	40.0,1.75,0.125,4.0	0.755387	0.0	18.884663	0.0	1000
MaxPHA	40.0,1.75,0.1,4.5	0.751262	0.0	18.781556	0.0	1000
MaxPHA	40.0,1.75,0.15,4.5	0.751112	0.0	18.7778	0.0	1000
MaxPHA	40.0,2.0,0.02,1.5	0.750651	0.0	18.76627	5.838935	1000
MaxPHA	40.0,1.75,0.175,4.5	0.748229	0.0	18.705726	0.0	1000
MaxPHA	40.0,1.75,0.175,5.0	0.744238	0.0	18.605944	0.0	1000
MaxPHA	40.0,1.75,0.15,5.0	0.7442	0.0	18.604999	0.0	1000
MaxPHA	40.0,1.75,0.05,5.0	0.742237	0.0	18.555913	0.0	1000
MaxPHA	30.0,2.0,0.15,1.0	0.740235	0.0	18.505876	0.0	1000
MaxPHA	30.0,2.0,0.1,1.0	0.740203	0.0	18.505087	0.0	1000
MaxPHA	50.0,1.75,0.15,1.0	0.729978	0.0	18.249445	0.0	1000
MaxPHA	40.0,1.75,0.175,6.0	0.729691	0.0	18.242285	0.0	1000
MaxPHA	40.0,1.75,0.02,6.0	0.729378	0.0	18.234449	0.0	1000
MaxPHA	30.0,2.0,0.15,2.0	0.727305	0.0	18.182617	0.0	1000
MaxPHA	30.0,2.0,0.175,2.0	0.727275	0.0	18.181884	0.0	1000
MaxPHA	50.0,1.75,0.05,1.5	0.725483	0.0	18.137086	0.0	1000
MaxPHA	50.0,1.75,0.2,1.5	0.725307	0.0	18.132669	0.0	1000
MaxPHA	50.0,1.75,0.1,2.0	0.720789	0.0	18.019724	0.0	1000
MaxPHA	30.0,2.0,0.175,2.5	0.720725	0.0	18.018135	0.0	1000
MaxPHA	30.0,2.0,0.2,2.5	0.720691	0.0	18.017273	0.0	1000
MaxPHA	50.0,1.75,0.2,2.0	0.72064	0.0	18.015996	0.0	1000
MaxPHA	50.0,1.75,0.2,2.5	0.715949	0.0	17.898713	0.0	1000
MaxPHA	30.0,2.0,0.2,3.0	0.714036	0.0	17.850897	0.0	1000
MaxPHA	30.0,2.0,0.2,3.5	0.707056	0.0	17.676412	0.0	1000
MaxPHA	30.0,2.0,0.02,3.5	0.706048	0.0	17.65119	0.0	1000
MaxPHA	50.0,1.75,0.175,4.5	0.697116	0.0	17.427902	0.0	1000
MaxPHA	30.0,2.0,0.15,4.0	0.69709	0.0	17.427247	0.0	1000
MaxPHA	30.0,2.0,0.1,4.5	0.69336	0.0	17.334009	0.0	1000
MaxPHA	50.0,1.75,0.05,5.0	0.692783	0.0	17.319579	0.0	1000
MaxPHA	50.0,1.75,0.125,5.0	0.692486	0.0	17.312151	0.0	1000
MaxPHA	50.0,1.75,0.175,5.0	0.692337	0.0	17.308413	0.0	1000
MaxPHA	30.0,2.0,0.05,5.0	0.686701	0.0	17.167524	0.0	1000
MaxPHA	50.0,2.0,0.02,1.0	0.686378	0.0	17.15946	6.370878	1000
MaxPHA	30.0,1.75,0.2,0.5	0.679645	0.0	16.991127	0.0	1000
MaxPHA	30.0,1.75,0.175,0.5	0.67964	0.0	16.991002	0.0	1000
MaxPHA	30.0,1.75,0.2,1.0	0.673804	0.0	16.845092	0.0	1000
MaxPHA	40.0,1.5,0.02,3.0	0.67011	0.0	16.752746	0.0	1000
MaxPHA	30.0,1.75,0.175,1.5	0.667786	0.0	16.69466	0.0	1000
MaxPHA	40.0,1.5,0.125,3.5	0.665262	0.0	16.631553	0.0	1000
MaxPHA	40.0,1.5,0.2,3.5	0.665164	0.0	16.629098	0.0	1000
MaxPHA	40.0,1.5,0.02,3.5	0.665079	0.0	16.626979	0.0	1000
MaxPHA	30.0,1.75,0.15,2.0	0.661732	0.0	16.543306	0.0	1000
MaxPHA	30.0,1.75,0.175,2.0	0.6617	0.0	16.542499	0.0	1000
MaxPHA	30.0,1.75,0.2,2.0	0.661668	0.0	16.541692	0.0	1000
MaxPHA	30.0,2.0,0.1,7.0	0.657774	0.0	16.444349	0.0	1000
MaxPHA	30.0,1.75,0.175,2.5	0.655567	0.0	16.389166	0.0	1000
MaxPHA	30.0,1.75,0.2,2.5	0.655529	0.0	16.388213	0.0	1000
MaxPHA	40.0,1.5,0.05,4.5	0.654835	0.0	16.370886	0.0	1000
MaxPHA	40.0,1.5,0.175,4.5	0.654532	0.0	16.363291	0.0	1000
MaxPHA	60.0,2.0,0.075,1.5	0.652753	0.0	16.318824	0.0	1000
MaxPHA	60.0,2.0,0.15,1.5	0.652688	0.0	16.317212	0.0	1000
MaxPHA	30.0,1.75,0.2,3.0	0.649171	0.0	16.22927	0.0	1000
MaxPHA	60.0,2.0,0.02,2.0	0.647012	0.0	16.17531	0.0	1000
MaxPHA	60.0,2.0,0.05,3.0	0.636458	0.0	15.911458	0.0	1000
MaxPHA	30.0,1.75,0.175,4.0	0.636436	0.0	15.910908	0.0	1000
MaxPHA	30.0,1.75,0.02,4.0	0.6342	0.0	15.855011	0.0	1000
MaxPHA	30.0,1.75,0.02,4.5	0.630337	0.0	15.758432	0.0	1000
MaxPHA	50.0,1.5,0.2,0.5	0.628967	0.0	15.72418	0.0	1000
MaxPHA	30.0,1.75,0.125,4.5	0.626696	0.0	15.667411	0.0	1000
MaxPHA	60.0,2.0,0.175,4.0	0.625167	0.0	15.629175	0.0	1000
MaxPHA	50.0,1.5,0.15,1.0	0.624369	0.0	15.609216	0.0	1000
MaxPHA	40.0,1.5,0.02,7.0	0.623974	0.0	15.599356	0.0	1000
MaxPHA	30.0,1.75,0.15,5.0	0.623205	0.0	15.580126	0.0	1000
MaxPHA	30.0,1.75,0.125,5.0	0.623075	0.0	15.576886	0.0	1000
MaxPHA	60.0,2.0,0.02,4.5	0.620216	0.0	15.505399	0.0	1000
MaxPHA	60.0,2.0,0.2,4.5	0.619471	0.0	15.486787	0.0	1000
MaxPHA	50.0,1.5,0.05,2.0	0.615223	0.0	15.38058	0.0	1000
MaxPHA	60.0,2.0,0.1,5.0	0.614294	0.0	15.357352	0.0	1000
MaxPHA	30.0,1.75,0.075,6.0	0.609786	0.0	15.244656	0.0	1000
MaxPHA	30.0,1.75,0.05,6.0	0.609721	0.0	15.243013	0.0	1000
MaxPHA	30.0,1.5,0.1,0.5	0.608851	0.0	15.221274	0.0	1000
MaxPHA	60.0,2.0,0.175,6.0	0.602738	0.0	15.068455	0.0	1000
MaxPHA	60.0,2.0,0.2,6.0	0.602673	0.0	15.066832	0.0	1000
MaxPHA	60.0,2.0,0.125,7.0	0.591776	0.0	14.794401	0.0	1000
MaxPHA	30.0,1.5,0.02,3.0	0.58218	0.0	14.554492	0.0	1000
MaxPHA	30.0,1.5,0.02,3.5	0.576173	0.0	14.404336	0.0	1000
MaxPHA	40.0,1.25,0.1,1.5	0.570605	0.0	14.265113	0.0	1000
MaxPHA	40.0,1.25,0.15,1.5	0.570522	0.0	14.263061	0.0	1000
MaxPHA	40.0,1.25,0.02,3.5	0.558566	0.0	13.964143	0.0	1000
MaxPHA	60.0,1.75,0.075,2.5	0.558197	0.0	13.954914	0.0	1000
MaxPHA	60.0,1.75,0.125,4.5	0.536	0.0	13.4	0.0	1000
MaxPHA	60.0,1.75,0.15,4.5	0.53592	0.0	13.397993	0.0	1000
MaxPHA	40.0,2.0,0.02,1.0	0.53026	0.0	13.256512	15.437104	1000
MaxPHA	60.0,1.75,0.175,5.0	0.53017	0.0	13.254254	0.0	1000
MaxPHA	20.0,2.0,0.125,1.5	0.511431	0.0	12.785785	0.0	1000
MaxPHA	50.0,1.25,0.2,2.5	0.504507	0.0	12.612668	0.0	1000
MaxPHA	20.0,2.0,0.02,3.0	0.498804	0.0	12.470111	0.0	1000
MaxPHA	20.0,2.0,0.075,4.0	0.491154	0.0	12.278841	0.0	1000
MaxPHA	60.0,1.5,0.075,1.0	0.490909	0.0	12.272718	0.0	1000
MaxPHA	60.0,1.5,0.2,1.0	0.490803	0.0	12.270085	0.0	1000
MaxPHA	60.0,1.5,0.2,2.0	0.479793	0.0	11.99482	0.0	1000
MaxPHA	70.0,2.0,0.2,1.0	0.476309	0.0	11.907727	0.0	1000
MaxPHA	70.0,2.0,0.02,1.0	0.476153	0.0	11.903816	0.0	1000
MaxPHA	20.0,1.75,0.1,1.0	0.472219	0.0	11.805481	0.0	1000
MaxPHA	20.0,1.75,0.05,1.5	0.469491	0.0	11.737274	0.0	1000
MaxPHA	20.0,1.75,0.1,2.0	0.465744	0.0	11.643612	0.0	1000
MaxPHA	20.0,1.75,0.2,2.5	0.461921	0.0	11.54802	0.0	1000
MaxPHA	20.0,1.75,0.05,2.5	0.46056	0.0	11.514009	0.0	1000
MaxPHA	70.0,2.0,0.2,2.5	0.459917	0.0	11.497927	0.0	1000
MaxPHA	60.0,1.5,0.125,4.0	0.457705	0.0	11.442637	0.0	1000
MaxPHA	20.0,1.75,0.125,3.0	0.456451	0.0	11.411272	0.0	1000
MaxPHA	70.0,2.0,0.2,3.0	0.454457	0.0	11.361428	0.0	1000
MaxPHA	40.0,1.0,0.1,2.0	0.451845	0.0	11.296119	0.0	1000
MaxPHA	40.0,1.0,0.02,3.0	0.446134	0.0	11.153354	0.0	1000
MaxPHA	70.0,2.0,0.2,4.0	0.443442	0.0	11.086062	0.0	1000
MaxPHA	20.0,1.75,0.125,5.0	0.442149	0.0	11.053731	0.0	1000
MaxPHA	70.0,2.0,0.02,4.5	0.436772	0.0	10.919288	0.0	1000
MaxPHA	20.0,1.75,0.05,6.0	0.433679	0.0	10.841968	0.0	1000
MaxPHA	70.0,2.0,0.2,5.0	0.43231	0.0	10.807761	0.0	1000
MaxPHA	20.0,1.5,0.075,1.0	0.430018	0.0	10.750448	0.0	1000
MaxPHA	20.0,1.5,0.125,1.0	0.429973	0.0	10.749313	0.0	1000
MaxPHA	20.0,1.5,0.15,1.0	0.429949	0.0	10.748715	0.0	1000
MaxPHA	20.0,1.5,0.175,1.0	0.429916	0.0	10.74789	0.0	1000
MaxPHA	70.0,2.0,0.2,6.0	0.421153	0.0	10.528813	0.0	1000
MaxPHA	70.0,1.75,0.1,0.5	0.420118	0.0	10.502941	0.0	1000
MaxPHA	50.0,1.0,0.05,1.5	0.408539	0.0	10.213468	0.0	1000
MaxPHA	20.0,1.5,0.02,4.0	0.407728	0.0	10.193198	0.0	1000
MaxPHA	60.0,1.25,0.1,1.0	0.407254	0.0	10.181346	0.0	1000
MaxPHA	70.0,1.75,0.125,2.0	0.404562	0.0	10.114056	0.0	1000
MaxPHA	50.0,2.0,0.02,0.5	0.401159	0.0	10.028964	18.637064	1000
MaxPHA	20.0,1.5,0.02,6.0	0.392119	0.0	9.802963	0.0	1000
MaxPHA	70.0,1.75,0.05,4.0	0.382819	0.0	9.570472	0.0	1000
MaxPHA	70.0,1.75,0.1,5.0	0.371612	0.0	9.290301	0.0	1000
MaxPHA	20.0,1.25,0.075,3.0	0.369541	0.0	9.23852	0.0	1000
MaxPHA	30.0,0.75,0.05,1.0	0.356646	0.0	8.916139	0.0	1000
MaxPHA	80.0,2.0,0.05,2.5	0.353325	0.0	8.833119	0.0	1000
MaxPHA	70.0,1.5,0.15,1.5	0.349057	0.0	8.726434	0.0	1000
MaxPHA	70.0,1.5,0.05,3.0	0.332776	0.0	8.319399	0.0	1000
MaxPHA	70.0,1.5,0.175,3.0	0.332527	0.0	8.313174	0.0	1000
MaxPHA	80.0,2.0,0.05,4.5	0.33213	0.0	8.303247	0.0	1000
MaxPHA	60.0,1.0,0.15,1.0	0.325694	0.0	8.142348	0.0	1000
MaxPHA	60.0,1.0,0.15,1.5	0.320045	0.0	8.001137	0.0	1000
MaxPHA	80.0,1.75,0.15,1.5	0.317018	0.0	7.925461	0.0	1000
MaxPHA	80.0,1.75,0.2,1.5	0.316975	0.0	7.92437	0.0	1000
MaxPHA	80.0,2.0,0.125,6.0	0.315268	0.0	7.881708	0.0	1000
MaxPHA	50.0,0.75,0.2,0.5	0.312067	0.0	7.801682	0.0	1000
MaxPHA	80.0,1.75,0.175,3.0	0.300595	0.0	7.514864	0.0	1000
MaxPHA	70.0,1.25,0.175,0.5	0.299028	0.0	7.475707	0.0	1000
MaxPHA	80.0,1.75,0.2,4.0	0.289527	0.0	7.238176	0.0	1000
MaxPHA	70.0,1.25,0.2,1.5	0.288017	0.0	7.20042	0.0	1000
MaxPHA	80.0,1.75,0.125,5.0	0.27879	0.0	6.969758	0.0	1000
MaxPHA	70.0,1.25,0.1,4.0	0.260499	0.0	6.512483	0.0	1000
MaxPHA	10.0,2.0,0.02,3.0	0.258374	0.0	6.459338	0.0	1000
MaxPHA	80.0,1.5,0.2,2.5	0.258354	0.0	6.458861	0.0	1000
MaxPHA	80.0,1.5,0.15,3.5	0.247426	0.0	6.185641	0.0	1000
MaxPHA	10.0,2.0,0.02,8.0	0.241775	0.0	6.044382	0.0	1000
MaxPHA	10.0,1.75,0.05,3.0	0.238093	0.0	5.952316	0.0	1000
MaxPHA	80.0,1.5,0.15,4.5	0.236296	0.0	5.907398	0.0	1000
MaxPHA	10.0,1.75,0.05,4.0	0.234948	0.0	5.873706	0.0	1000
MaxPHA	10.0,1.75,0.02,4.0	0.234903	0.0	5.872569	0.0	1000
MaxPHA	80.0,1.25,0.175,0.5	0.232614	0.0	5.815343	0.0	1000
MaxPHA	80.0,1.5,0.05,5.0	0.231118	0.0	5.777953	0.0	1000
MaxPHA	10.0,1.75,0.05,6.0	0.228522	0.0	5.713054	0.0	1000
MaxPHA	10.0,2.0,0.02,12.0	0.227951	0.0	5.698787	0.0	1000
MaxPHA	10.0,1.5,0.05,0.5	0.22454	0.0	5.613497	0.0	1000
MaxPHA	20.0,0.5,0.02,1.0	0.214339	0.0	5.358475	0.0	1000
MaxPHA	10.0,1.25,0.05,0.5	0.202602	0.0	5.065038	0.0	1000
MaxPHA	10.0,1.75,0.02,0.5	0.202012	0.0	5.050302	1.851731	1000
MaxPHA	10.0,1.25,0.02,5.0	0.189864	0.0	4.746602	0.0	1000
MaxPHA	60.0,1.75,0.125,15.0	0.180511	0.0	4.512786	10.011749	1000
MaxPHA	80.0,2.0,0.15,13.0	0.178852	0.0	4.471297	2.390072	1000
MaxPHA	50.0,2.0,0.2,14.0	0.175279	0.0	4.381963	22.286341	1000
MaxPHA	70.0,2.0,0.2,12.0	0.174355	0.0	4.358882	7.622955	1000
MaxPHA	80.0,1.75,0.1,14.0	0.173144	0.0	4.328598	0.077532	1000
MaxPHA	50.0,1.75,0.175,15.0	0.173066	0.0	4.326658	17.301644	1000
MaxPHA	70.0,0.75,0.05,1.0	0.172644	0.0	4.316093	0.0	1000
MaxPHA	60.0,1.75,0.05,15.0	0.171345	0.0	4.283622	10.344817	1000
MaxPHA	60.0,1.75,0.15,13.0	0.168602	0.0	4.215057	11.40666	1000
MaxPHA	80.0,1.0,0.15,2.0	0.168528	0.0	4.2132	0.0	1000
MaxPHA	70.0,0.75,0.075,1.5	0.166291	0.0	4.157273	0.0	1000
MaxPHA	80.0,2.0,0.1,12.0	0.162579	0.0	4.064475	3.594712	1000
MaxPHA	80.0,2.0,0.02,13.0	0.160055	0.0	4.00138	3.248311	1000
MaxPHA	60.0,1.75,0.075,13.0	0.159437	0.0	3.985923	11.944968	1000
MaxPHA	40.0,1.25,0.125,10.0	0.159009	0.0	3.975216	13.876771	1000
MaxPHA	80.0,1.0,0.075,3.0	0.15759	0.0	3.939756	0.0	1000
MaxPHA	80.0,1.5,0.125,12.0	0.149512	0.0	3.737794	0.0	1000
MaxPHA	10.0,0.75,0.02,3.0	0.148257	0.0	3.706421	0.0	1000
MaxPHA	60.0,1.25,0.125,13.0	0.145773	0.0	3.644332	5.16011	1000
MaxPHA	60.0,1.75,0.1,11.0	0.14542	0.0	3.635498	13.409594	1000
MaxPHA	80.0,1.75,0.2,9.0	0.142758	0.0	3.568947	3.821335	1000
MaxPHA	80.0,1.5,0.15,10.0	0.141186	0.0	3.52965	1.35416	1000
MaxPHA	60.0,1.25,0.05,10.0	0.138665	0.0	3.466619	7.044189	1000
MaxPHA	40.0,1.5,0.15,15.0	0.138228	0.0	3.455694	14.239132	1000
MaxPHA	50.0,2.0,0.175,10.0	0.138104	0.0	3.452601	25.906403	1000
MaxPHA	80.0,1.5,0.1,13.0	0.137531	0.0	3.438283	0.0	1000
MaxPHA	70.0,2.0,0.15,9.0	0.137315	0.0	3.432868	10.598742	1000
MaxPHA	40.0,2.0,0.15,13.0	0.136431	0.0	3.410786	22.955783	1000
MaxPHA	50.0,1.25,0.02,15.0	0.135785	0.0	3.394625	10.353631	1000
MaxPHA	50.0,2.0,0.02,12.0	0.135175	0.0	3.379381	25.256124	1000
MaxPHA	40.0,1.75,0.1,14.0	0.132924	0.0	3.323106	18.794937	1000
MaxPHA	70.0,1.25,0.15,10.0	0.132359	0.0	3.308982	2.500921	1000
MaxPHA	50.0,1.25,0.075,13.0	0.131856	0.0	3.296401	11.392502	1000
MaxPHA	50.0,1.25,0.125,12.0	0.131632	0.0	3.290793	11.818578	1000
MaxPHA	50.0,1.75,0.02,12.0	0.131429	0.0	3.285718	20.915736	1000
MaxPHA	80.0,2.0,0.1,9.0	0.131054	0.0	3.276351	6.381585	1000
MaxPHA	70.0,1.75,0.175,8.0	0.127518	0.0	3.187961	8.89514	1000
MaxPHA	80.0,1.75,0.075,9.0	0.125027	0.0	3.125673	4.6051	1000
MaxPHA	80.0,1.25,0.2,10.0	0.123715	0.0	3.092865	0.0	1000
MaxPHA	40.0,1.75,0.075,13.0	0.123505	0.0	3.087623	20.166969	1000
MaxPHA	80.0,2.0,0.125,8.0	0.123484	0.0	3.087088	7.17892	1000
MaxPHA	40.0,2.0,0.05,13.0	0.123443	0.0	3.086081	23.533008	1000
MaxPHA	80.0,1.5,0.02,10.0	0.123193	0.0	3.079831	2.182296	1000
MaxPHA	50.0,1.0,0.125,13.0	0.123164	0.0	3.079107	7.162352	1000
MaxPHA	50.0,1.0,0.2,11.0	0.122753	0.0	3.068824	8.040531	1000
MaxPHA	60.0,2.0,0.125,8.0	0.121314	0.0	3.032848	19.450978	1000
MaxPHA	40.0,1.75,0.15,11.0	0.11912	0.0	2.977993	22.139256	1000
MaxPHA	40.0,1.5,0.075,13.0	0.118673	0.0	2.966827	16.952912	1000
MaxPHA	50.0,1.0,0.075,13.0	0.118636	0.0	2.965903	7.387446	1000
MaxPHA	30.0,1.75,0.15,15.0	0.116651	0.0	2.916263	15.078145	1000
MaxPHA	50.0,1.0,0.05,13.0	0.116351	0.0	2.908763	7.500895	1000
MaxPHA	60.0,1.5,0.125,8.0	0.116169	0.0	2.904231	12.541807	1000
MaxPHA	60.0,1.5,0.2,7.0	0.116043	0.0	2.901067	13.013053	1000
MaxPHA	30.0,2.0,0.15,14.0	0.1152	0.0	2.880007	18.30354	1000
MaxPHA	50.0,1.0,0.05,12.0	0.112335	0.0	2.808364	8.119368	1000
MaxPHA	30.0,1.5,0.15,15.0	0.112215	0.0	2.805371	12.771615	1000
MaxPHA	50.0,2.0,0.125,8.0	0.112084	0.0	2.802092	27.846119	1000
MaxPHA	60.0,1.75,0.075,8.0	0.111999	0.0	2.799973	16.295811	1000
MaxPHA	80.0,1.5,0.15,15.0	0.110954	0.0	2.773847	0.0	1000
MaxPHA	50.0,1.5,0.02,10.0	0.110685	0.0	2.767129	18.121275	1000
MaxPHA	40.0,1.25,0.1,12.0	0.109875	0.0	2.746879	14.572597	1000
MaxPHA	70.0,1.0,0.1,9.0	0.109766	0.0	2.74415	1.325218	1000
MaxPHA	40.0,1.0,0.175,12.0	0.10912	0.0	2.728006	10.751929	1000
MaxPHA	40.0,1.75,0.02,12.0	0.109102	0.0	2.727543	21.563939	1000
MaxPHA	80.0,1.25,0.15,7.0	0.108698	0.0	2.717453	2.188334	1000
MaxPHA	50.0,1.5,0.2,7.0	0.108109	0.0	2.702728	19.430908	1000
MaxPHA	40.0,1.75,0.175,9.0	0.10768	0.0	2.692	24.239851	1000
MaxPHA	40.0,1.0,0.15,12.0	0.10663	0.0	2.665742	10.869026	1000
MaxPHA	70.0,1.0,0.125,8.0	0.106444	0.0	2.661091	1.98067	1000
MaxPHA	60.0,1.5,0.2,6.0	0.105572	0.0	2.639306	13.944278	1000
MaxPHA	70.0,1.75,0.175,6.0	0.104963	0.0	2.624082	10.873535	1000
MaxPHA	80.0,1.0,0.15,7.0	0.103165	0.0	2.579121	0.338273	1000
MaxPHA	30.0,1.5,0.1,14.0	0.102176	0.0	2.554411	13.87539	1000
MaxPHA	70.0,1.25,0.175,6.0	0.100861	0.0	2.521529	5.786515	1000
MaxPHA	50.0,1.75,0.2,6.0	0.100301	0.0	2.507516	24.661566	1000
MaxPHA	80.0,1.25,0.075,12.0	0.100293	0.0	2.507335	0.0	1000
MaxPHA	30.0,1.5,0.2,11.0	0.099621	0.0	2.490535	15.93291	1000
MaxPHA	70.0,1.0,0.2,12.0	0.09941	0.0	2.485248	0.0	1000
MaxPHA	50.0,2.0,0.1,7.0	0.098317	0.0	2.457925	28.84082	1000
MaxPHA	30.0,2.0,0.05,13.0	0.097387	0.0	2.434676	19.56163	1000
MaxPHA	40.0,2.0,0.02,10.0	0.096353	0.0	2.408818	27.507877	1000
MaxPHA	60.0,1.5,0.2,5.0	0.094447	0.0	2.361173	14.89561	1000
MaxPHA	30.0,1.25,0.15,12.0	0.093926	0.0	2.348152	12.900717	1000
MaxPHA	50.0,1.0,0.02,9.0	0.09242	0.0	2.310511	10.301138	1000
MaxPHA	30.0,1.0,0.125,14.0	0.092035	0.0	2.300865	9.039345	1000
MaxPHA	30.0,1.75,0.2,9.0	0.091697	0.0	2.292427	20.127134	1000
MaxPHA	80.0,1.0,0.05,7.0	0.090407	0.0	2.260171	0.919837	1000
MaxPHA	60.0,1.75,0.2,4.5	0.089843	0.0	2.246066	18.884963	1000
MaxPHA	60.0,1.0,0.125,6.0	0.089141	0.0	2.228523	7.5238	1000
MaxPHA	70.0,0.75,0.125,7.0	0.088971	0.0	2.224273	0.530738	1000
MaxPHA	50.0,1.5,0.2,5.0	0.08856	0.0	2.213998	21.084561	1000
MaxPHA	60.0,1.5,0.075,6.0	0.088224	0.0	2.205601	14.708502	1000
MaxPHA	30.0,1.0,0.05,15.0	0.08822	0.0	2.20549	8.591647	1000
MaxPHA	60.0,1.25,0.2,4.5	0.087085	0.0	2.177122	11.991334	1000
MaxPHA	40.0,0.75,0.05,13.0	0.086976	0.0	2.17439	6.936163	1000
MaxPHA	60.0,1.75,0.175,4.5	0.086236	0.0	2.155901	19.037702	1000
MaxPHA	50.0,2.0,0.02,7.0	0.08593	0.0	2.148238	29.385592	1000
MaxPHA	40.0,2.0,0.175,6.0	0.084965	0.0	2.124122	31.063019	1000
MaxPHA	50.0,1.75,0.2,4.5	0.084434	0.0	2.110848	25.944381	1000
MaxPHA	30.0,0.75,0.125,15.0	0.083077	0.0	2.076929	5.979539	1000
MaxPHA	40.0,1.75,0.1,7.0	0.081923	0.0	2.048071	26.591847	1000
MaxPHA	40.0,2.0,0.15,6.0	0.08142	0.0	2.035501	31.017544	1000
MaxPHA	50.0,1.0,0.175,5.0	0.08057	0.0	2.014257	12.444623	1000
MaxPHA	80.0,0.75,0.15,5.0	0.080121	0.0	2.003022	0.251072	1000
MaxPHA	50.0,2.0,0.2,4.0	0.079619	0.0	1.990485	30.825709	1000
MaxPHA	40.0,2.0,0.2,5.0	0.079552	0.0	1.9888	31.817696	1000
MaxPHA	40.0,1.5,0.15,6.0	0.078799	0.0	1.969983	23.618821	1000
MaxPHA	20.0,2.0,0.125,13.0	0.078369	0.0	1.959213	14.127978	1000
MaxPHA	30.0,1.0,0.02,13.0	0.078261	0.0	1.956523	10.228664	1000
MaxPHA	80.0,1.25,0.125,4.5	0.078177	0.0	1.954419	4.672316	1000
MaxPHA	60.0,1.75,0.075,5.0	0.077626	0.0	1.94064	19.184055	1000
MaxPHA	70.0,1.0,0.1,5.0	0.077353	0.0	1.93382	4.68338	1000
MaxPHA	20.0,1.75,0.1,14.0	0.077034	0.0	1.925849	12.129788	1000
MaxPHA	30.0,1.0,0.15,9.0	0.076019	0.0	1.900477	12.488803	1000
MaxPHA	40.0,1.25,0.2,5.0	0.075957	0.0	1.898922	19.915889	1000
MaxPHA	40.0,2.0,0.2,4.5	0.075045	0.0	1.876137	32.507113	1000
MaxPHA	30.0,0.75,0.02,15.0	0.074774	0.0	1.869348	6.340831	1000
MaxPHA	30.0,2.0,0.2,6.0	0.074511	0.0	1.862769	25.313171	1000
MaxPHA	40.0,1.5,0.175,5.0	0.07409	0.0	1.852245	24.337529	1000
MaxPHA	50.0,1.75,0.2,3.5	0.073296	0.0	1.832408	26.819375	1000
MaxPHA	20.0,1.5,0.2,10.0	0.07282	0.0	1.820505	12.128208	1000
MaxPHA	20.0,1.0,0.175,13.0	0.071579	0.0	1.789464	7.524976	1000
MaxPHA	40.0,2.0,0.175,4.5	0.071493	0.0	1.78732	32.653976	1000
MaxPHA	20.0,2.0,0.1,12.0	0.07141	0.0	1.785257	14.816597	1000
MaxPHA	50.0,1.0,0.175,4.0	0.071388	0.0	1.784692	13.251485	1000
MaxPHA	80.0,0.75,0.075,5.0	0.070605	0.0	1.765124	0.693101	1000
MaxPHA	70.0,1.25,0.075,4.5	0.070298	0.0	1.757448	7.876214	1000
MaxPHA	40.0,0.5,0.2,8.0	0.070219	0.0	1.755463	4.52168	1000
MaxPHA	40.0,1.75,0.2,4.0	0.069783	0.0	1.744578	29.136403	1000
MaxPHA	40.0,0.75,0.15,6.0	0.069541	0.0	1.738515	10.197799	1000
MaxPHA	20.0,1.5,0.05,14.0	0.068636	0.0	1.715896	10.814265	1000
MaxPHA	60.0,1.5,0.1,4.0	0.068414	0.0	1.710354	16.615509	1000
MaxPHA	50.0,0.75,0.175,4.0	0.06828	0.0	1.707011	8.887038	1000
MaxPHA	40.0,1.5,0.125,5.0	0.067124	0.0	1.678112	24.545728	1000
MaxPHA	30.0,1.75,0.2,5.0	0.066899	0.0	1.672469	23.560502	1000
MaxPHA	30.0,1.75,0.15,6.0	0.066664	0.0	1.666611	22.880036	1000
MaxPHA	40.0,1.5,0.15,4.5	0.066308	0.0	1.657689	24.91363	1000
MaxPHA	40.0,1.75,0.175,4.0	0.066259	0.0	1.656465	29.281325	1000
MaxPHA	30.0,0.75,0.15,8.0	0.066251	0.0	1.656285	10.116492	1000
MaxPHA	70.0,1.0,0.02,5.0	0.065851	0.0	1.646276	5.191921	1000
MaxPHA	60.0,0.5,0.15,4.5	0.065467	0.0	1.636664	2.06965	1000
MaxPHA	30.0,1.5,0.15,6.0	0.06537	0.0	1.63425	20.308249	1000
MaxPHA	50.0,0.5,0.2,4.0	0.064792	0.0	1.61981	4.497769	1000
MaxPHA	50.0,0.75,0.02,6.0	0.064688	0.0	1.617204	8.241682	1000
MaxPHA	40.0,0.5,0.125,8.0	0.064025	0.0	1.600614	4.823153	1000
MaxPHA	50.0,0.5,0.05,8.0	0.063835	0.0	1.595867	2.79815	1000
MaxPHA	30.0,1.75,0.2,4.5	0.063696	0.0	1.5924	23.973851	1000
MaxPHA	70.0,1.25,0.15,3.0	0.063076	0.0	1.576892	8.831362	1000
MaxPHA	20.0,0.75,0.175,12.0	0.062723	0.0	1.568083	6.271672	1000
MaxPHA	80.0,1.0,0.02,11.0	0.062186	0.0	1.554659	0.0	1000
MaxPHA	30.0,2.0,0.2,4.0	0.060879	0.0	1.521978	26.951542	1000
MaxPHA	40.0,1.0,0.1,5.0	0.060525	0.0	1.513137	15.803261	1000
MaxPHA	70.0,0.75,0.15,3.0	0.060365	0.0	1.509129	3.760556	1000
MaxPHA	40.0,0.5,0.175,5.0	0.059605	0.0	1.490113	5.924128	1000
MaxPHA	30.0,1.5,0.15,5.0	0.059058	0.0	1.476445	21.114588	1000
MaxPHA	20.0,0.75,0.2,9.0	0.058923	0.0	1.473083	7.360404	1000
MaxPHA	30.0,1.25,0.2,4.0	0.058569	0.0	1.46422	18.561828	1000
MaxPHA	40.0,1.25,0.1,4.5	0.058191	0.0	1.454776	20.827089	1000
MaxPHA	30.0,1.75,0.2,3.5	0.056907	0.0	1.422674	24.805474	1000
MaxPHA	40.0,1.0,0.1,4.5	0.056595	0.0	1.414884	16.106837	1000
MaxPHA	50.0,1.25,0.02,4.5	0.056307	0.0	1.407666	18.200333	1000
MaxPHA	80.0,0.5,0.1,3.5	0.05471	0.0	1.36774	0.027805	1000
MaxPHA	20.0,0.5,0.175,14.0	0.054551	0.0	1.363776	3.765465	1000
MaxPHA	60.0,0.75,0.15,2.5	0.054189	0.0	1.354713	7.206143	1000
MaxPHA	20.0,0.5,0.2,11.0	0.053449	0.0	1.336227	4.68138	1000
MaxPHA	40.0,0.5,0.075,6.0	0.053315	0.0	1.332871	5.927294	1000
MaxPHA	40.0,0.75,0.2,2.5	0.052563	0.0	1.314065	11.859513	1000
MaxPHA	20.0,1.25,0.05,10.0	0.052534	0.0	1.313343	11.1991	1000
MaxPHA	40.0,1.0,0.125,3.5	0.05188	0.0	1.296995	16.557471	1000
MaxPHA	20.0,0.75,0.2,6.0	0.051447	0.0	1.286175	8.522747	1000
MaxPHA	60.0,0.5,0.15,2.5	0.051362	0.0	1.284041	3.696617	1000
MaxPHA	10.0,1.5,0.175,13.0	0.051159	0.0	1.278966	5.67156	1000
MaxPHA	30.0,0.5,0.2,4.0	0.05038	0.0	1.259508	7.766434	1000
MaxPHA	20.0,1.5,0.075,8.0	0.04956	0.0	1.238988	13.815145	1000
MaxPHA	20.0,0.5,0.15,11.0	0.049464	0.0	1.236595	4.851779	1000
MaxPHA	10.0,1.25,0.175,13.0	0.049177	0.0	1.229422	4.883428	1000
MaxPHA	10.0,2.0,0.1,15.0	0.048703	0.0	1.217585	7.142494	1000
MaxPHA	80.0,0.5,0.05,3.5	0.048468	0.0	1.211688	0.318535	1000
MaxPHA	20.0,2.0,0.2,3.5	0.048453	0.0	1.211316	18.921969	1000
MaxPHA	30.0,0.5,0.02,9.0	0.047965	0.0	1.19913	6.688962	1000
MaxPHA	80.0,0.75,0.125,8.0	0.047929	0.0	1.198214	0.0	1000
MaxPHA	20.0,1.0,0.175,5.0	0.04782	0.0	1.19549	11.09982	1000
MaxPHA	50.0,0.5,0.02,4.5	0.047399	0.0	1.184975	5.103235	1000
MaxPHA	40.0,0.5,0.125,3.5	0.046409	0.0	1.160224	6.931361	1000
MaxPHA	20.0,1.25,0.15,5.0	0.046086	0.0	1.152144	13.088993	1000
MaxPHA	50.0,0.75,0.15,2.0	0.046085	0.0	1.152122	10.665919	1000
MaxPHA	10.0,2.0,0.2,7.0	0.046023	0.0	1.150566	8.445242	1000
MaxPHA	10.0,1.5,0.125,13.0	0.045453	0.0	1.136313	5.902821	1000
MaxPHA	30.0,1.25,0.125,3.5	0.044936	0.0	1.123407	19.488903	1000
MaxPHA	60.0,0.5,0.175,1.5	0.044893	0.0	1.122326	4.458361	1000
MaxPHA	10.0,2.0,0.175,8.0	0.044822	0.0	1.120553	8.349651	1000
MaxPHA	70.0,0.5,0.02,3.5	0.044083	0.0	1.102066	1.647137	1000
MaxPHA	10.0,2.0,0.2,6.0	0.043999	0.0	1.099983	8.672059	1000
MaxPHA	10.0,1.75,0.2,6.0	0.043487	0.0	1.087176	7.838988	1000
MaxPHA	20.0,1.75,0.05,7.0	0.043085	0.0	1.077122	16.092495	1000
MaxPHA	40.0,0.5,0.02,5.0	0.042795	0.0	1.069878	6.688616	1000
MaxPHA	40.0,1.0,0.15,2.0	0.042422	0.0	1.060545	17.334007	1000
MaxPHA	10.0,2.0,0.125,10.0	0.042136	0.0	1.053405	8.174343	1000
MaxPHA	30.0,0.75,0.1,4.0	0.04192	0.0	1.048005	12.569343	1000
MaxPHA	30.0,1.25,0.15,2.5	0.041665	0.0	1.041633	20.070711	1000
MaxPHA	10.0,1.75,0.05,15.0	0.04153	0.0	1.038252	6.621301	1000
MaxPHA	20.0,1.25,0.02,8.0	0.04118	0.0	1.029503	12.370488	1000
MaxPHA	30.0,0.5,0.175,2.5	0.041064	0.0	1.02661	8.361685	1000
MaxPHA	10.0,0.75,0.175,11.0	0.040441	0.0	1.011017	3.630997	1000
MaxPHA	10.0,1.0,0.125,12.0	0.039805	0.0	0.995129	4.50352	1000
MaxPHA	20.0,1.0,0.02,8.0	0.039544	0.0	0.988604	10.536103	1000
MaxPHA	20.0,0.5,0.175,4.0	0.039199	0.0	0.979966	6.952416	1000
MaxPHA	50.0,0.5,0.075,2.5	0.038645	0.0	0.966117	6.299529	1000
MaxPHA	10.0,1.0,0.125,11.0	0.038531	0.0	0.963285	4.693416	1000
MaxPHA	10.0,2.0,0.175,5.0	0.038517	0.0	0.962934	9.036309	1000
MaxPHA	10.0,1.5,0.05,14.0	0.038489	0.0	0.962237	6.050084	1000
MaxPHA	10.0,2.0,0.125,8.0	0.038029	0.0	0.950731	8.638532	1000
MaxPHA	10.0,1.5,0.1,10.0	0.037324	0.0	0.933106	6.679622	1000
MaxPHA	40.0,0.75,0.15,1.5	0.037284	0.0	0.932105	12.766052	1000
MaxPHA	40.0,1.0,0.175,1.0	0.036796	0.0	0.919911	17.820634	1000
MaxPHA	10.0,1.25,0.075,12.0	0.036452	0.0	0.911307	5.551489	1000
MaxPHA	30.0,0.75,0.075,3.5	0.03572	0.0	0.893009	12.982197	1000
MaxPHA	20.0,0.5,0.075,7.0	0.035701	0.0	0.892522	6.462351	1000
MaxPHA	10.0,1.25,0.175,4.0	0.034939	0.0	0.873477	6.692338	1000
MaxPHA	10.0,1.0,0.175,4.5	0.034829	0.0	0.870722	5.685115	1000
MaxPHA	10.0,1.0,0.1,10.0	0.034277	0.0	0.856921	5.003184	1000
MaxPHA	10.0,0.75,0.1,12.0	0.03427	0.0	0.856739	3.7512	1000
MaxPHA	10.0,1.25,0.175,3.5	0.033967	0.0	0.849179	6.792335	1000
MaxPHA	30.0,0.75,0.15,1.5	0.033567	0.0	0.839182	13.581545	1000
MaxPHA	10.0,1.75,0.15,3.5	0.031331	0.0	0.783275	8.691062	1000
MaxPHA	10.0,1.5,0.1,6.0	0.029385	0.0	0.734624	7.569638	1000
MaxPHA	30.0,0.5,0.02,4.0	0.029277	0.0	0.731934	8.677321	1000
MaxPHA	10.0,1.5,0.175,1.0	0.029215	0.0	0.73038	8.212455	1000
MaxPHA	20.0,0.5,0.175,0.5	0.02885	0.0	0.721246	7.909532	1000
MaxPHA	10.0,1.0,0.05,10.0	0.028674	0.0	0.716839	5.239264	1000
MaxPHA	10.0,1.25,0.175,0.5	0.028028	0.0	0.700689	7.393004	1000
MaxPHA	10.0,1.0,0.075,7.0	0.026439	0.0	0.660967	5.726768	1000
MaxPHA	10.0,0.75,0.075,8.0	0.026423	0.0	0.660571	4.594984	1000
MaxPHA	10.0,1.25,0.15,1.5	0.026374	0.0	0.659338	7.353704	1000
MaxPHA	10.0,1.0,0.125,3.0	0.025528	0.0	0.638207	6.248567	1000
MaxPHA	10.0,0.5,0.05,12.0	0.025442	0.0	0.636051	2.999824	1000
MaxPHA	10.0,1.0,0.125,2.5	0.024485	0.0	0.612127	6.348995	1000
MaxPHA	10.0,1.75,0.15,0.5	0.024311	0.0	0.607778	9.374885	1000
MaxPHA	20.0,0.5,0.1,2.0	0.023757	0.0	0.593929	7.940421	1000
MaxPHA	10.0,0.75,0.1,3.5	0.022224	0.0	0.555608	5.28732	1000
MaxPHA	10.0,0.75,0.02,9.0	0.022041	0.0	0.551028	4.650516	1000
MaxPHA	20.0,0.5,0.02,3.5	0.019186	0.0	0.479659	7.891256	1000
MaxPHA	10.0,1.0,0.075,2.5	0.017535	0.0	0.438385	6.642182	1000
MaxPHA	10.0,0.75,0.05,3.5	0.015706	0.0	0.392657	5.563152	1000
