[1] "All configurations:"
[1] 500
             sucrPer     Synecho          KT         NH4 sd      fitness
sucrPer  1.000000000 -0.03593649  0.05070358  0.04873562 NA -0.004002876
Synecho -0.035936489  1.00000000  0.13129665 -0.24761686 NA  0.624596238
KT       0.050703581  0.13129665  1.00000000 -0.16327568 NA  0.061348971
NH4      0.048735622 -0.24761686 -0.16327568  1.00000000 NA -0.535422852
sd                NA          NA          NA          NA  1           NA
fitness -0.004002876  0.62459624  0.06134897 -0.53542285 NA  1.000000000
[1] "Sd<0.1:"
[1] 500
             sucrPer     Synecho          KT         NH4 sd      fitness
sucrPer  1.000000000 -0.03593649  0.05070358  0.04873562 NA -0.004002876
Synecho -0.035936489  1.00000000  0.13129665 -0.24761686 NA  0.624596238
KT       0.050703581  0.13129665  1.00000000 -0.16327568 NA  0.061348971
NH4      0.048735622 -0.24761686 -0.16327568  1.00000000 NA -0.535422852
sd                NA          NA          NA          NA  1           NA
fitness -0.004002876  0.62459624  0.06134897 -0.53542285 NA  1.000000000
