sucrPer	Synecho	KT	NH4	sd	fitness
234	40	2	0.2	0.5	0	0.89712
244	40	2	0.175	0.5	0	0.897108
242	40	2	0.125	0.5	0	0.897085
166	40	2	0.2	1	0	0.891081
205	40	2	0.175	1	0	0.891058
99	40	2	0.15	1	0	0.891034
208	40	2	0.125	1	0	0.89102
218	40	2	0.1	1	0	0.89102
133	40	2	0.2	1.5	0	0.884772
101	40	2	0.175	1.5	0	0.884742
340	40	2	0.075	1.5	0	0.882854
215	40	2	0.1	1.5	0	0.882643
141	40	2	0.175	2	0	0.878235
175	40	2	0.2	2	0	0.878235
105	40	2	0.15	2	0	0.87586
116	40	2	0.02	2	0	0.871356
103	40	2	0.2	2.5	0	0.868813
112	40	2	0.02	3	0	0.865771
57	40	2	0.05	3	0	0.865277
305	40	2	0.1	3	0	0.862925
307	40	2	0.125	3	0	0.862801
309	40	2	0.15	3	0	0.862677
312	40	2	0.175	3	0	0.86244
137	40	2	0.2	3	0	0.862128
499	40	2	0.02	3.5	0	0.858441
143	40	2	0.05	3.5	0	0.858067
495	40	2	0.175	3.5	0	0.85769
247	40	2	0.2	3.5	0	0.854583
325	40	2	0.175	4	0	0.850338
240	40	2	0.2	4	0	0.850313
157	40	2	0.075	4	0	0.850276
418	40	2	0.15	4	0	0.850248
420	40	2	0.1	4	0	0.850214
156	40	2	0.02	4	0	0.848931
154	40	2	0.02	4.5	0	0.843873
251	50	2	0.125	0.5	0	0.840181
253	50	2	0.175	0.5	0	0.840162
245	50	2	0.2	0.5	0	0.840152
159	40	2	0.02	5	0	0.835871
396	50	2	0.2	1	0	0.835554
304	40	2	0.075	5	0	0.835177
59	50	2	0.05	1	0	0.8351
241	40	2	0.15	5	0	0.831014
334	40	2	0.175	5	0	0.830937
403	50	2	0.2	2	0	0.826309
114	50	2	0.02	2.5	0	0.822108
65	50	2	0.1	2.5	0	0.821927
270	50	2	0.075	2.5	0	0.821894
78	50	2	0.05	2.5	0	0.821853
300	50	2	0.2	3	0	0.816921
145	50	2	0.2	3.5	0	0.81234
150	50	2	0.175	3.5	0	0.812298
162	50	2	0.02	4	0	0.808054
332	50	2	0.175	4	0	0.807584
474	50	2	0.175	4.5	0	0.802885
357	40	2	0.2	7	0	0.801393
164	50	2	0.02	5	0	0.798659
27	50	2	0.2	5	0	0.798073
356	40	1.75	0.2	0.5	0	0.79749
359	40	1.75	0.2	1	0	0.792536
405	50	2	0.2	6	0	0.788514
362	40	1.75	0.2	1.5	0	0.787288
210	40	2	0.05	1	0	0.783429
364	40	1.75	0.2	2	0	0.781776
456	50	2	0.075	7	0	0.779457
25	50	2	0.2	7	0	0.778855
434	40	1.75	0.05	3	0	0.770569
430	40	1.75	0.1	3	0	0.770466
432	40	1.75	0.15	3	0	0.770369
426	40	1.75	0.2	3	0	0.768353
452	40	1.75	0.15	3.5	0	0.764211
365	40	1.75	0.2	3.5	0	0.764149
454	40	1.75	0.05	3.5	0	0.762338
272	40	2	0.075	0.5	0	0.757494
450	40	1.75	0.075	4	0	0.756022
447	40	1.75	0.125	4	0	0.755387
315	40	1.75	0.1	4.5	0	0.751262
257	40	1.75	0.15	4.5	0	0.751112
182	40	2	0.02	1.5	0	0.750651
259	40	1.75	0.175	4.5	0	0.748229
349	40	1.75	0.175	5	0	0.744238
347	40	1.75	0.15	5	0	0.7442
47	40	1.75	0.05	5	0	0.742237
320	30	2	0.15	1	0	0.740235
323	30	2	0.1	1	0	0.740203
179	50	1.75	0.15	1	0	0.729978
477	40	1.75	0.175	6	0	0.729691
174	40	1.75	0.02	6	0	0.729378
131	30	2	0.15	2	0	0.727305
127	30	2	0.175	2	0	0.727275
398	50	1.75	0.05	1.5	0	0.725483
442	50	1.75	0.2	1.5	0	0.725307
262	50	1.75	0.1	2	0	0.720789
121	30	2	0.175	2.5	0	0.720725
126	30	2	0.2	2.5	0	0.720691
437	50	1.75	0.2	2	0	0.72064
435	50	1.75	0.2	2.5	0	0.715949
124	30	2	0.2	3	0	0.714036
317	30	2	0.2	3.5	0	0.707056
197	30	2	0.02	3.5	0	0.706048
284	50	1.75	0.175	4.5	0	0.697116
204	30	2	0.15	4	0	0.69709
195	30	2	0.1	4.5	0	0.69336
5	50	1.75	0.05	5	0	0.692783
222	50	1.75	0.125	5	0	0.692486
345	50	1.75	0.175	5	0	0.692337
199	30	2	0.05	5	0	0.686701
118	50	2	0.02	1	0	0.686378
379	30	1.75	0.2	0.5	0	0.679645
343	30	1.75	0.175	0.5	0	0.67964
384	30	1.75	0.2	1	0	0.673804
53	40	1.5	0.02	3	0	0.67011
339	30	1.75	0.175	1.5	0	0.667786
14	40	1.5	0.125	3.5	0	0.665262
171	40	1.5	0.2	3.5	0	0.665164
392	40	1.5	0.02	3.5	0	0.665079
249	30	1.75	0.15	2	0	0.661732
341	30	1.75	0.175	2	0	0.6617
375	30	1.75	0.2	2	0	0.661668
1	30	2	0.1	7	0	0.657774
337	30	1.75	0.175	2.5	0	0.655567
381	30	1.75	0.2	2.5	0	0.655529
153	40	1.5	0.05	4.5	0	0.654835
255	40	1.5	0.175	4.5	0	0.654532
43	60	2	0.075	1.5	0	0.652753
39	60	2	0.15	1.5	0	0.652688
377	30	1.75	0.2	3	0	0.649171
382	60	2	0.02	2	0	0.647012
37	60	2	0.05	3	0	0.636458
335	30	1.75	0.175	4	0	0.636436
355	30	1.75	0.02	4	0	0.6342
292	30	1.75	0.02	4.5	0	0.630337
23	50	1.5	0.2	0.5	0	0.628967
294	30	1.75	0.125	4.5	0	0.626696
33	60	2	0.175	4	0	0.625167
193	50	1.5	0.15	1	0	0.624369
180	40	1.5	0.02	7	0	0.623974
391	30	1.75	0.15	5	0	0.623205
393	30	1.75	0.125	5	0	0.623075
274	60	2	0.02	4.5	0	0.620216
483	60	2	0.2	4.5	0	0.619471
266	50	1.5	0.05	2	0	0.615223
41	60	2	0.1	5	0	0.614294
81	30	1.75	0.075	6	0	0.609786
76	30	1.75	0.05	6	0	0.609721
213	30	1.5	0.1	0.5	0	0.608851
370	60	2	0.175	6	0	0.602738
407	60	2	0.2	6	0	0.602673
35	60	2	0.125	7	0	0.591776
492	30	1.5	0.02	3	0	0.58218
490	30	1.5	0.02	3.5	0	0.576173
216	40	1.25	0.1	1.5	0	0.570605
217	40	1.25	0.15	1.5	0	0.570522
246	40	1.25	0.02	3.5	0	0.558566
352	60	1.75	0.075	2.5	0	0.558197
460	60	1.75	0.125	4.5	0	0.536
458	60	1.75	0.15	4.5	0	0.53592
184	40	2	0.02	1	0	0.53026
464	60	1.75	0.175	5	0	0.53017
328	20	2	0.125	1.5	0	0.511431
212	50	1.25	0.2	2.5	0	0.504507
120	20	2	0.02	3	0	0.498804
62	20	2	0.075	4	0	0.491154
146	60	1.5	0.075	1	0	0.490909
482	60	1.5	0.2	1	0	0.490803
484	60	1.5	0.2	2	0	0.479793
48	70	2	0.2	1	0	0.476309
158	70	2	0.02	1	0	0.476153
96	20	1.75	0.1	1	0	0.472219
149	20	1.75	0.05	1.5	0	0.469491
88	20	1.75	0.1	2	0	0.465744
98	20	1.75	0.2	2.5	0	0.461921
94	20	1.75	0.05	2.5	0	0.46056
46	70	2	0.2	2.5	0	0.459917
155	60	1.5	0.125	4	0	0.457705
92	20	1.75	0.125	3	0	0.456451
44	70	2	0.2	3	0	0.454457
6	40	1	0.1	2	0	0.451845
2	40	1	0.02	3	0	0.446134
52	70	2	0.2	4	0	0.443442
423	20	1.75	0.125	5	0	0.442149
455	70	2	0.02	4.5	0	0.436772
69	20	1.75	0.05	6	0	0.433679
139	70	2	0.2	5	0	0.43231
8	20	1.5	0.075	1	0	0.430018
461	20	1.5	0.125	1	0	0.429973
408	20	1.5	0.15	1	0	0.429949
488	20	1.5	0.175	1	0	0.429916
50	70	2	0.2	6	0	0.421153
206	70	1.75	0.1	0.5	0	0.420118
500	50	1	0.05	1.5	0	0.408539
38	20	1.5	0.02	4	0	0.407728
346	60	1.25	0.1	1	0	0.407254
314	70	1.75	0.125	2	0	0.404562
110	50	2	0.02	0.5	0	0.401159
436	20	1.5	0.02	6	0	0.392119
280	70	1.75	0.05	4	0	0.382819
134	70	1.75	0.1	5	0	0.371612
34	20	1.25	0.075	3	0	0.369541
264	30	0.75	0.05	1	0	0.356646
286	80	2	0.05	2.5	0	0.353325
279	70	1.5	0.15	1.5	0	0.349057
471	70	1.5	0.05	3	0	0.332776
489	70	1.5	0.175	3	0	0.332527
7	80	2	0.05	4.5	0	0.33213
491	60	1	0.15	1	0	0.325694
415	60	1	0.15	1.5	0	0.320045
178	80	1.75	0.15	1.5	0	0.317018
198	80	1.75	0.2	1.5	0	0.316975
148	80	2	0.125	6	0	0.315268
390	50	0.75	0.2	0.5	0	0.312067
107	80	1.75	0.175	3	0	0.300595
440	70	1.25	0.175	0.5	0	0.299028
31	80	1.75	0.2	4	0	0.289527
399	70	1.25	0.2	1.5	0	0.288017
9	80	1.75	0.125	5	0	0.27879
275	70	1.25	0.1	4	0	0.260499
250	10	2	0.02	3	0	0.258374
258	80	1.5	0.2	2.5	0	0.258354
226	80	1.5	0.15	3.5	0	0.247426
129	10	2	0.02	8	0	0.241775
433	10	1.75	0.05	3	0	0.238093
494	80	1.5	0.15	4.5	0	0.236296
448	10	1.75	0.05	4	0	0.234948
446	10	1.75	0.02	4	0	0.234903
26	80	1.25	0.175	0.5	0	0.232614
172	80	1.5	0.05	5	0	0.231118
72	10	1.75	0.05	6	0	0.228522
278	10	2	0.02	12	0	0.227951
322	10	1.5	0.05	0.5	0	0.22454
342	20	0.5	0.02	1	0	0.214339
291	10	1.25	0.05	0.5	0	0.202602
302	10	1.75	0.02	0.5	0	0.202012
221	10	1.25	0.02	5	0	0.189864
298	60	1.75	0.125	15	0	0.180511
380	80	2	0.15	13	0	0.178852
330	50	2	0.2	14	0	0.175279
49	70	2	0.2	12	0	0.174355
111	80	1.75	0.1	14	0	0.173144
169	50	1.75	0.175	15	0	0.173066
24	70	0.75	0.05	1	0	0.172644
308	60	1.75	0.05	15	0	0.171345
333	60	1.75	0.15	13	0	0.168602
225	80	1	0.15	2	0	0.168528
109	70	0.75	0.075	1.5	0	0.166291
192	80	2	0.1	12	0	0.162579
470	80	2	0.02	13	0	0.160055
413	60	1.75	0.075	13	0	0.159437
95	40	1.25	0.125	10	0	0.159009
56	80	1	0.075	3	0	0.15759
256	80	1.5	0.125	12	0	0.149512
122	10	0.75	0.02	3	0	0.148257
16	60	1.25	0.125	13	0	0.145773
15	60	1.75	0.1	11	0	0.14542
113	80	1.75	0.2	9	0	0.142758
194	80	1.5	0.15	10	0	0.141186
493	60	1.25	0.05	10	0	0.138665
431	40	1.5	0.15	15	0	0.138228
186	50	2	0.175	10	0	0.138104
348	80	1.5	0.1	13	0	0.137531
306	70	2	0.15	9	0	0.137315
297	40	2	0.15	13	0	0.136431
350	50	1.25	0.02	15	0	0.135785
397	50	2	0.02	12	0	0.135175
97	40	1.75	0.1	14	0	0.132924
321	70	1.25	0.15	10	0	0.132359
19	50	1.25	0.075	13	0	0.131856
419	50	1.25	0.125	12	0	0.131632
73	50	1.75	0.02	12	0	0.131429
296	80	2	0.1	9	0	0.131054
268	70	1.75	0.175	8	0	0.127518
267	80	1.75	0.075	9	0	0.125027
336	80	1.25	0.2	10	0	0.123715
161	40	1.75	0.075	13	0	0.123505
196	80	2	0.125	8	0	0.123484
289	40	2	0.05	13	0	0.123443
71	80	1.5	0.02	10	0	0.123193
200	50	1	0.125	13	0	0.123164
220	50	1	0.2	11	0	0.122753
449	60	2	0.125	8	0	0.121314
211	40	1.75	0.15	11	0	0.11912
163	40	1.5	0.075	13	0	0.118673
411	50	1	0.075	13	0	0.118636
476	30	1.75	0.15	15	0	0.116651
228	50	1	0.05	13	0	0.116351
469	60	1.5	0.125	8	0	0.116169
80	60	1.5	0.2	7	0	0.116043
236	30	2	0.15	14	0	0.1152
17	50	1	0.05	12	0	0.112335
378	30	1.5	0.15	15	0	0.112215
11	50	2	0.125	8	0	0.112084
18	60	1.75	0.075	8	0	0.111999
42	80	1.5	0.15	15	0	0.110954
144	50	1.5	0.02	10	0	0.110685
136	40	1.25	0.1	12	0	0.109875
203	70	1	0.1	9	0	0.109766
319	40	1	0.175	12	0	0.10912
75	40	1.75	0.02	12	0	0.109102
91	80	1.25	0.15	7	0	0.108698
77	50	1.5	0.2	7	0	0.108109
238	40	1.75	0.175	9	0	0.10768
243	40	1	0.15	12	0	0.10663
386	70	1	0.125	8	0	0.106444
82	60	1.5	0.2	6	0	0.105572
372	70	1.75	0.175	6	0	0.104963
287	80	1	0.15	7	0	0.103165
438	30	1.5	0.1	14	0	0.102176
360	70	1.25	0.175	6	0	0.100861
412	50	1.75	0.2	6	0	0.100301
70	80	1.25	0.075	12	0	0.100293
36	30	1.5	0.2	11	0	0.0996214
201	70	1	0.2	12	0	0.0994099
61	50	2	0.1	7	0	0.098317
21	30	2	0.05	13	0	0.0973871
67	40	2	0.02	10	0	0.0963527
84	60	1.5	0.2	5	0	0.0944469
269	30	1.25	0.15	12	0	0.0939261
83	50	1	0.02	9	0	0.0924204
22	30	1	0.125	14	0	0.0920346
160	30	1.75	0.2	9	0	0.0916971
463	80	1	0.05	7	0	0.0904068
288	60	1.75	0.2	4.5	0	0.0898427
173	60	1	0.125	6	0	0.0891409
311	70	0.75	0.125	7	0	0.0889709
87	50	1.5	0.2	5	0	0.0885599
290	60	1.5	0.075	6	0	0.0882241
497	30	1	0.05	15	0	0.0882196
147	60	1.25	0.2	4.5	0	0.0870849
271	40	0.75	0.05	13	0	0.0869756
462	60	1.75	0.175	4.5	0	0.086236
55	50	2	0.02	7	0	0.0859295
374	40	2	0.175	6	0	0.0849649
285	50	1.75	0.2	4.5	0	0.0844339
331	30	0.75	0.125	15	0	0.0830772
128	40	1.75	0.1	7	0	0.0819228
63	40	2	0.15	6	0	0.08142
32	50	1	0.175	5	0	0.0805703
303	80	0.75	0.15	5	0	0.0801209
389	50	2	0.2	4	0	0.0796194
237	40	2	0.2	5	0	0.079552
185	40	1.5	0.15	6	0	0.0787993
468	20	2	0.125	13	0	0.0783685
367	30	1	0.02	13	0	0.0782609
207	80	1.25	0.125	4.5	0	0.0781768
485	60	1.75	0.075	5	0	0.0776256
239	70	1	0.1	5	0	0.0773528
79	20	1.75	0.1	14	0	0.0770339
293	30	1	0.15	9	0	0.0760191
394	40	1.25	0.2	5	0	0.0759569
235	40	2	0.2	4.5	0	0.0750455
467	30	0.75	0.02	15	0	0.0747739
410	30	2	0.2	6	0	0.0745107
60	40	1.5	0.175	5	0	0.0740898
428	50	1.75	0.2	3.5	0	0.0732963
183	20	1.5	0.2	10	0	0.0728202
358	20	1	0.175	13	0	0.0715786
466	40	2	0.175	4.5	0	0.0714928
68	20	2	0.1	12	0	0.0714103
498	50	1	0.175	4	0	0.0713877
373	80	0.75	0.075	5	0	0.0706049
51	70	1.25	0.075	4.5	0	0.0702979
324	40	0.5	0.2	8	0	0.0702185
385	40	1.75	0.2	4	0	0.0697831
152	40	0.75	0.15	6	0	0.0695406
13	20	1.5	0.05	14	0	0.0686358
354	60	1.5	0.1	4	0	0.0684142
400	50	0.75	0.175	4	0	0.0682805
224	40	1.5	0.125	5	0	0.0671245
29	30	1.75	0.2	5	0	0.0668988
187	30	1.75	0.15	6	0	0.0666644
261	40	1.5	0.15	4.5	0	0.0663075
445	40	1.75	0.175	4	0	0.0662586
409	30	0.75	0.15	8	0	0.0662514
273	70	1	0.02	5	0	0.065851
424	60	0.5	0.15	4.5	0	0.0654666
191	30	1.5	0.15	6	0	0.06537
301	50	0.5	0.2	4	0	0.0647924
496	50	0.75	0.02	6	0	0.0646882
479	40	0.5	0.125	8	0	0.0640245
3	50	0.5	0.05	8	0	0.0638347
263	30	1.75	0.2	4.5	0	0.063696
108	70	1.25	0.15	3	0	0.0630757
106	20	0.75	0.175	12	0	0.0627233
344	80	1	0.02	11	0	0.0621864
202	30	2	0.2	4	0	0.0608791
85	40	1	0.1	5	0	0.0605255
406	70	0.75	0.15	3	0	0.0603652
383	40	0.5	0.175	5	0	0.0596045
189	30	1.5	0.15	5	0	0.0590578
54	20	0.75	0.2	9	0	0.0589233
58	30	1.25	0.2	4	0	0.0585688
168	40	1.25	0.1	4.5	0	0.0581911
486	30	1.75	0.2	3.5	0	0.056907
223	40	1	0.1	4.5	0	0.0565954
318	50	1.25	0.02	4.5	0	0.0563066
177	80	0.5	0.1	3.5	0	0.0547096
417	20	0.5	0.175	14	0	0.054551
376	60	0.75	0.15	2.5	0	0.0541885
326	20	0.5	0.2	11	0	0.0534491
481	40	0.5	0.075	6	0	0.0533148
276	40	0.75	0.2	2.5	0	0.0525626
28	20	1.25	0.05	10	0	0.0525337
229	40	1	0.125	3.5	0	0.0518798
299	20	0.75	0.2	6	0	0.051447
231	60	0.5	0.15	2.5	0	0.0513616
10	10	1.5	0.175	13	0	0.0511586
165	30	0.5	0.2	4	0	0.0503803
102	20	1.5	0.075	8	0	0.0495595
74	20	0.5	0.15	11	0	0.0494638
248	10	1.25	0.175	13	0	0.0491769
142	10	2	0.1	15	0	0.0487034
283	80	0.5	0.05	3.5	0	0.0484675
104	20	2	0.2	3.5	0	0.0484526
404	30	0.5	0.02	9	0	0.0479652
459	80	0.75	0.125	8	0	0.0479286
444	20	1	0.175	5	0	0.0478196
132	50	0.5	0.02	4.5	0	0.047399
214	40	0.5	0.125	3.5	0	0.046409
313	20	1.25	0.15	5	0	0.0460857
89	50	0.75	0.15	2	0	0.0460849
480	10	2	0.2	7	0	0.0460226
190	10	1.5	0.125	13	0	0.0454525
4	30	1.25	0.125	3.5	0	0.0449363
351	60	0.5	0.175	1.5	0	0.044893
260	10	2	0.175	8	0	0.0448221
427	70	0.5	0.02	3.5	0	0.0440827
478	10	2	0.2	6	0	0.0439993
117	10	1.75	0.2	6	0	0.043487
66	20	1.75	0.05	7	0	0.0430849
371	40	0.5	0.02	5	0	0.0427951
475	40	1	0.15	2	0	0.0424218
130	10	2	0.125	10	0	0.0421362
115	30	0.75	0.1	4	0	0.0419202
338	30	1.25	0.15	2.5	0	0.0416653
457	10	1.75	0.05	15	0	0.0415301
395	20	1.25	0.02	8	0	0.0411801
12	30	0.5	0.175	2.5	0	0.0410644
401	10	0.75	0.175	11	0	0.0404407
363	10	1	0.125	12	0	0.0398051
45	20	1	0.02	8	0	0.0395442
176	20	0.5	0.175	4	0	0.0391987
465	50	0.5	0.075	2.5	0	0.0386447
416	10	1	0.125	11	0	0.0385314
316	10	2	0.175	5	0	0.0385174
473	10	1.5	0.05	14	0	0.0384895
487	10	2	0.125	8	0	0.0380292
40	10	1.5	0.1	10	0	0.0373243
422	40	0.75	0.15	1.5	0	0.0372842
230	40	1	0.175	1	0	0.0367965
265	10	1.25	0.075	12	0	0.0364523
361	30	0.75	0.075	3.5	0	0.0357203
429	20	0.5	0.075	7	0	0.0357009
100	10	1.25	0.175	4	0	0.0349391
282	10	1	0.175	4.5	0	0.0348289
277	10	1	0.1	10	0	0.0342769
167	10	0.75	0.1	12	0	0.0342695
227	10	1.25	0.175	3.5	0	0.0339672
310	30	0.75	0.15	1.5	0	0.0335673
188	10	1.75	0.15	3.5	0	0.031331
219	10	1.5	0.1	6	0	0.029385
329	30	0.5	0.02	4	0	0.0292774
119	10	1.5	0.175	1	0	0.0292152
387	20	0.5	0.175	0.5	0	0.0288498
151	10	1	0.05	10	0	0.0286735
252	10	1.25	0.175	0.5	0	0.0280276
368	10	1	0.075	7	0	0.0264387
472	10	0.75	0.075	8	0	0.0264228
123	10	1.25	0.15	1.5	0	0.0263735
425	10	1	0.125	3	0	0.0255283
441	10	0.5	0.05	12	0	0.0254421
140	10	1	0.125	2.5	0	0.0244851
90	10	1.75	0.15	0.5	0	0.0243111
170	20	0.5	0.1	2	0	0.0237572
366	10	0.75	0.1	3.5	0	0.0222243
233	10	0.75	0.02	9	0	0.0220411
86	20	0.5	0.02	3.5	0	0.0191864
135	10	1	0.075	2.5	0	0.0175354
421	10	0.75	0.05	3.5	0	0.0157063
20	80	0.5	0.125	11	0	0
30	80	0.5	0.2	12	0	0
64	80	0.75	0.05	11	0	0
93	60	0.5	0.1	14	0	0
125	80	0.75	0.125	10	0	0
138	50	0.5	0.125	10	0	0
181	70	0.75	0.05	14	0	0
209	80	0.5	0.15	10	0	0
232	40	0.5	0.05	15	0	0
254	70	0.5	0.15	15	0	0
281	80	0.5	0.075	8	0	0
295	30	0.5	0.02	15	0	0
327	50	0.5	0.02	14	0	0
353	70	0.5	0.02	12	0	0
369	80	0.5	0.05	12	0	0
388	50	0.5	0.125	11	0	0
402	80	1	0.175	13	0	0
414	40	0.5	0.1	13	0	0
439	70	0.75	0.02	12	0	0
443	70	0.5	0.02	14	0	0
451	70	0.75	0.1	11	0	0
453	80	0.75	0.075	15	0	0
