ec1	ec2	ec3	ec4	arg	lys	met	phe	sd	fitness
321	0.35	0.1	0.15	0.4	1.5	2	1.6	1	0	0.984829
247	0.45	0.2	0.15	0.2	1.4	2	1.7	1	0	0.984512
217	0.35	0.1	0.15	0.4	1.6	2	1.6	1	0	0.983199
265	0.7	0.15	0.1	0.05	1.8	2	1.6	1	0	0.973848
219	0.35	0.1	0.15	0.4	1.6	1.9	1.9	1	0	0.972908
319	0.35	0.1	0.15	0.4	1.5	1.9	1.9	1	0	0.971338
53	0.35	0.2	0.15	0.3	1.6	2	1.8	1.2	0	0.970733
397	0.55	0.25	0.1	0.1	1.4	1.9	1.8	1.1	0	0.970131
259	0.5	0.15	0.1	0.25	1.4	1.9	1.9	1	0	0.969739
315	0.5	0.1	0.1	0.3	1.4	1.9	1.6	1.2	0	0.966838
177	0.55	0.1	0.05	0.3	1.5	1.9	1.7	1.2	0	0.966437
205	0.45	0.15	0.15	0.25	1.8	1.8	1.7	1	0	0.966289
233	0.55	0.2	0.1	0.15	1.5	1.7	1.4	1	0	0.965976
209	0.35	0.2	0.15	0.3	1.6	1.9	1.8	1.2	0	0.965959
323	0.5	0.15	0.15	0.2	1.4	1.6	1.7	1	0	0.965014
419	0.35	0.1	0.05	0.5	1.6	1.8	1.5	1.1	0	0.963999
221	0.35	0.25	0.1	0.3	2	2	1.7	1.2	0	0.961968
179	0.4	0.15	0.15	0.3	1.7	1.7	1.7	1.1	0	0.961851
89	0.5	0.15	0.25	0.1	1.6	1.7	1.6	1.1	0	0.961222
175	0.35	0.2	0.15	0.3	1.9	1.9	1.7	1.2	0	0.961126
349	0.55	0.2	0.1	0.15	1.5	1.6	1.4	1	0	0.961053
275	0.4	0.1	0.15	0.35	1.4	1.7	1.9	1	0	0.960071
169	0.45	0.2	0.15	0.2	1.4	1.8	1.5	1.2	0	0.95992
44	0.45	0.1	0.05	0.4	1.9	1.8	1.6	1	0	0.959668
327	0.35	0.2	0.1	0.35	1.7	1.6	1.5	1	0	0.95697
329	0.4	0.1	0.15	0.35	1.8	1.6	1.7	1	0	0.956665
257	0.4	0.1	0.15	0.35	1.4	1.8	1.9	1.2	0	0.956046
167	0.45	0.2	0.15	0.2	1.6	1.8	1.4	1.2	0	0.954753
255	0.45	0.3	0.1	0.15	1.5	1.6	1.9	1.1	0	0.954522
325	0.4	0.1	0.05	0.45	1.6	1.5	1.9	1	0	0.953699
223	0.35	0.3	0.05	0.3	2	1.8	1.7	1.2	0	0.9525
134	0.35	0.15	0.15	0.35	1.3	1.7	1.3	1.2	0	0.952034
273	0.4	0.15	0.1	0.35	1.4	1.7	1.9	1.2	0	0.951261
331	0.45	0.15	0.15	0.25	1.9	1.6	1.6	1	0	0.950032
475	0.35	0.1	0.15	0.4	1.6	1.4	1.9	1	0	0.948896
163	0.45	0.2	0.1	0.25	1.7	1.7	1.4	1.2	0	0.948425
157	0.7	0.15	0.1	0.05	1.3	2	1.5	1.5	0	0.948291
264	0.55	0.1	0.2	0.15	1.9	1.6	1.6	1.1	0	0.947668
187	0.55	0.15	0.1	0.2	1.9	1.9	1.7	1.4	0	0.946919
193	0.45	0.1	0.15	0.3	1.9	1.9	1.7	1.4	0	0.946919
451	0.35	0.1	0.05	0.5	1.9	1.6	1.7	1.2	0	0.94688
483	0.45	0.2	0.1	0.25	1.2	1.5	1.6	1.2	0	0.944365
279	0.55	0.1	0.05	0.3	1.5	2	1.7	1	0.0755662659570518	0.942507
480	0.55	0.2	0.15	0.1	1.8	2	1.3	1.3	0	0.941863
389	0.45	0.25	0.15	0.15	1.4	1.7	1.5	1	0.0492513742449735	0.941184
137	0.4	0.1	0.05	0.45	1.1	1.4	1.8	1.1	0	0.941147
289	0.5	0.2	0.1	0.2	2	1.9	1.8	1.5	0	0.940616
26	0.55	0.1	0.1	0.25	1.7	1.3	1.6	1.1	0	0.940441
391	0.5	0.25	0.1	0.15	1.4	1.7	1.4	1.4	0	0.939311
423	0.35	0.15	0.1	0.4	1.8	1.9	1.9	1.6	0	0.939024
421	0.55	0.15	0.15	0.15	1.9	1.4	2	1	0	0.938736
202	0.55	0.15	0.15	0.15	1.9	1.6	2	1.4	0	0.938612
355	0.5	0.2	0.15	0.15	1.8	1.7	1.2	1.2	0	0.938145
433	0.45	0.25	0.15	0.15	1.8	1.3	2	1.1	0	0.938103
453	0.35	0.1	0.05	0.5	1.8	2	2	1.2	0.0564304300564411	0.937402
447	0.55	0.15	0.15	0.15	1.9	1.3	1.6	1	0	0.935578
491	0.35	0.1	0.05	0.5	1.5	1.8	1.5	1.1	0.0522644056887475	0.935366
165	0.45	0.2	0.15	0.2	1	2	1.5	1.1	0.0496517398890858	0.933792
77	0.65	0.1	0.1	0.15	1.4	1.2	1.3	1.1	0	0.93349
285	0.5	0.15	0.1	0.25	1.5	1.8	1.6	1.6	0	0.933305
106	0.4	0.15	0.15	0.3	1.7	1.3	1.6	1.2	0	0.933234
291	0.45	0.2	0.15	0.2	1.5	2	1.5	1.7	0	0.932703
227	0.35	0.25	0.05	0.35	2	1.5	1.4	1.2	0	0.932255
230	0.35	0.25	0.15	0.25	1.6	1.9	1.7	1.3	0.0467788768075246	0.931486
211	0.7	0.15	0.05	0.1	2	1.9	1.8	1.1	0.0526180039551214	0.931284
361	0.5	0.2	0.15	0.15	1.6	2	1.4	1.6	0	0.931121
373	0.5	0.25	0.1	0.15	1.4	1.6	2	1.4	0	0.930656
269	0.7	0.15	0.1	0.05	1.6	1.9	1.6	1.7	0	0.93003
341	0.6	0.15	0.05	0.2	1.5	1.5	1.7	1	0.0559703265332096	0.929529
81	0.55	0.1	0.25	0.1	1.6	1.8	1.1	1.3	0	0.92917
337	0.65	0.15	0.15	0.05	1.6	1.5	1.7	1	0	0.929081
369	0.35	0.25	0.1	0.3	1.8	1.8	1.6	1.6	0	0.928457
128	0.4	0.15	0.05	0.4	1.6	1.4	1.4	1.3	0	0.928389
335	0.35	0.1	0.1	0.45	1.5	2	1.9	1.8	0	0.926951
17	0.65	0.1	0.15	0.1	1.1	2	1.7	1.2	0.0544576945832702	0.926278
481	0.35	0.2	0.1	0.35	1.2	1.5	1.6	1.5	0	0.924202
297	0.7	0.15	0.1	0.05	1.4	1.7	1.6	1.3	0.0456035878142979	0.9238
122	0.4	0.15	0.15	0.3	1.2	1.3	1.5	1.4	0	0.923219
293	0.45	0.2	0.1	0.25	1.5	1.7	1.6	1.7	0	0.922302
357	0.4	0.2	0.1	0.3	2	1.6	1.9	1.6	0	0.922123
132	0.4	0.15	0.05	0.4	1.4	1.8	1.5	1.3	0.0533588357159752	0.922105
385	0.45	0.25	0.1	0.2	1.4	1.8	1.4	1	0.0451561512294268	0.920315
485	0.4	0.2	0.15	0.25	1.1	1.7	1.5	1.2	0.0605304112870438	0.919797
161	0.55	0.1	0.05	0.3	1.5	2	1.9	1.3	0.0699942889985679	0.91954
120	0.4	0.15	0.15	0.3	1.6	1.8	1.6	1.8	0	0.919197
392	0.35	0.3	0.15	0.2	1.7	2	2	1.5	0.0485224206551565	0.919163
371	0.6	0.1	0.15	0.15	1.8	1.5	2	1.6	0	0.918959
381	0.35	0.15	0.1	0.4	2	1.6	1.7	1.6	0	0.918112
31	0.35	0.2	0.15	0.3	1.9	1.6	1.4	1.3	0.028573947739203	0.917298
425	0.35	0.15	0.05	0.45	1.6	1.4	1.5	1.5	0	0.917102
288	0.45	0.35	0.15	0.05	1.8	1.5	1.2	1.2	0.0186349378956333	0.916855
185	0.4	0.15	0.15	0.3	1	1.5	1.6	1.2	0.0471573367975598	0.914011
62	0.45	0.1	0.05	0.4	1.9	2	1.5	1.9	0	0.913994
350	0.45	0.1	0.15	0.3	1.5	1.8	1.5	1.4	0.05274895056169	0.913981
173	0.4	0.1	0.15	0.35	1.3	2	1.8	2	0	0.913771
359	0.5	0.2	0.1	0.2	1.6	1.5	1.4	1.6	0	0.913553
156	0.4	0.35	0.05	0.2	1.9	2	1.7	2	0	0.913488
435	0.35	0.2	0.05	0.4	1.7	1.9	1.9	2	0	0.913254
486	0.5	0.3	0.1	0.1	2	1.5	2	1.7	0	0.913182
363	0.5	0.2	0.15	0.15	1.5	1.9	1	1.5	0	0.912739
484	0.65	0.05	0.15	0.15	2	1.6	1.4	1.6	0	0.912483
270	0.35	0.2	0.4	0.05	2	1.7	1.9	1.6	0.0164290860086332	0.912271
3	0.45	0.1	0.3	0.15	1.7	1.6	1.8	1.8	0	0.912122
375	0.5	0.2	0.15	0.15	1.5	1.5	1.2	1.6	0	0.911425
399	0.35	0.1	0.1	0.45	1.4	1.6	1.7	1.8	0	0.911161
267	0.7	0.15	0.1	0.05	1.7	1.9	1.6	1.7	0.0309394587247367	0.910516
164	0.35	0.15	0.25	0.25	1.9	1.7	1.2	1.4	0.0222101362439676	0.910189
378	0.3	0.25	0.25	0.2	1.2	2	1.7	1.1	0.0528512207777324	0.90883
42	0.45	0.05	0.05	0.45	1.8	1.9	1.6	2	0	0.908721
313	0.25	0.15	0.05	0.55	1.8	1.6	1.7	1.2	0.069252078041116	0.908297
155	0.45	0.15	0.15	0.25	1.6	1.3	1.6	1.6	0	0.908001
351	0.35	0.1	0.15	0.4	1.5	1.8	1.8	2	0	0.907977
365	0.5	0.1	0.1	0.3	2	1.5	1.4	1.6	0	0.907774
118	0.35	0.25	0.1	0.3	1.7	1.3	1	1.1	0.0186029659573378	0.906565
437	0.35	0.25	0.1	0.3	1.6	1.9	1.9	1.7	0.0415624624416044	0.905995
379	0.5	0.2	0.15	0.15	1.5	1.6	1.3	1.8	0	0.905912
343	0.35	0.2	0.05	0.4	1.5	1.8	1.9	2	0	0.9058
383	0.35	0.25	0.15	0.25	1.9	1.7	1.5	1.6	0.0254978248290107	0.905682
459	0.35	0.2	0.15	0.3	1.6	1.5	1.4	1.8	0.00652182877203445	0.905116
405	0.45	0.05	0.1	0.4	1.4	2	1.2	1.4	0.0522371197310518	0.904825
294	0.5	0.3	0.1	0.1	1.9	1.5	1.8	1.8	0	0.904368
65	0.55	0.1	0.2	0.15	1.6	1.3	1.6	1.2	0.0538635150865563	0.903584
466	0.45	0.2	0.15	0.2	1.3	1.6	1.3	1.9	0	0.903557
455	0.35	0.1	0.05	0.5	1.8	1.8	1.5	2	0	0.902336
215	0.55	0.15	0.05	0.25	1.7	1.7	1.7	1	0.0554079734452991	0.902113
260	0.35	0.15	0.05	0.45	1.7	1.3	2	1.7	0	0.901778
22	0.55	0.15	0.05	0.25	1.7	1.1	1.1	1.4	0	0.899993
377	0.65	0.1	0.1	0.15	1.4	1.8	2	1	0.0512271448821294	0.899867
241	0.35	0.25	0.15	0.25	1.8	1.3	1.7	1.2	0.0592594825567209	0.899777
38	0.45	0.1	0.05	0.4	1.4	1.6	1.5	2	0	0.899762
290	0.35	0.4	0.15	0.1	2	1.2	1.5	1.3	0.0311062996444335	0.898502
493	0.6	0.05	0.05	0.3	1.5	2	1.8	1.5	0.0441712554464379	0.897257
153	0.45	0.15	0.05	0.35	1.5	1.8	2	1.1	0.0535024910699205	0.896392
226	0.3	0.1	0.05	0.55	1.6	1.3	1.3	1.7	0	0.895985
135	0.6	0.2	0.15	0.05	1.5	1.8	1.4	1.1	0.059434125586957	0.895336
266	0.5	0.25	0.05	0.2	1.8	1.7	1.2	1.4	0.0524138798266713	0.894115
395	0.35	0.15	0.15	0.35	1.4	1.4	1.8	2	0.00874885057174214	0.893066
245	0.4	0.3	0.1	0.2	1.5	2	1.7	1.8	0.035771681782052	0.890081
171	0.4	0.15	0.05	0.4	1.4	1.4	2	1.9	0	0.889739
489	0.6	0.2	0.15	0.05	1	1.8	1.6	1.4	0.0430501516776693	0.888442
145	0.6	0.2	0.15	0.05	1.5	1.6	1.4	1.3	0.0458588344628719	0.887671
457	0.35	0.1	0.05	0.5	2	1.9	1.4	1.8	0.041046141832431	0.887432
48	0.45	0.1	0.05	0.4	1.2	1.9	1.1	1.2	0.0492874032582607	0.887061
74	0.25	0.4	0.25	0.1	1.2	1.5	1.6	1.7	0.0312682891668885	0.885972
409	0.5	0.05	0.1	0.35	1.5	1.7	1.1	1.1	0.0501516773764174	0.885932
124	0.4	0.25	0.1	0.25	1.7	1.3	1.5	1.7	0.0255614664846067	0.883512
287	0.55	0.25	0.15	0.05	2	2	1.9	1.9	0.0338112382262792	0.882504
139	0.4	0.1	0.15	0.35	1.1	1.9	1.9	1.2	0.0803345590753396	0.882325
410	0.5	0.3	0.15	0.05	1.5	1.2	1.4	1.3	0.029359580682054	0.881903
237	0.35	0.25	0.15	0.25	2	1.3	1.5	1.4	0.038656567341697	0.881898
432	0.45	0.25	0.1	0.2	1.2	1.3	1.1	1.9	0.0117304701366057	0.880567
403	0.45	0.05	0.05	0.45	1.4	1.8	1.3	1.1	0	0.880384
427	0.35	0.2	0.15	0.3	1.6	1.5	1.5	2	0.0204709484169237	0.879808
102	0.4	0.25	0.15	0.2	1.5	1.3	1.3	1.3	0.0399509604379128	0.879409
431	0.65	0.1	0.15	0.1	1.8	1.3	2	1.1	0.0523740355598927	0.877627
108	0.7	0.1	0.05	0.15	2	1.7	1.2	1.1	0.0508155287638295	0.876539
207	0.65	0.15	0.05	0.15	2	1.7	1.7	1.4	0.0539088353484698	0.87386
488	0.65	0.1	0.05	0.2	1.8	1.4	1.2	1.1	0.0535221226483653	0.872662
334	0.4	0.35	0.15	0.1	1.9	1.3	1.5	1.6	0.0352584898709268	0.871457
225	0.35	0.3	0.15	0.2	1.8	1.7	1.8	1.1	0	0.870357
487	0.45	0.15	0.05	0.35	1.1	1.3	1.2	1.8	0.0476778293911198	0.869097
231	0.35	0.35	0.1	0.2	1.9	1.5	1.8	1.4	0.0215619207315264	0.868745
339	0.35	0.15	0.05	0.45	1.7	1.5	1.5	1	0.0724881864334595	0.868399
434	0.25	0.4	0.25	0.1	1.7	1.1	1.3	1.9	0.0250743984654526	0.867432
277	0.75	0.15	0.05	0.05	1.9	2	1.5	1.2	0.0960118910306471	0.864057
229	0.35	0.25	0.05	0.35	2	1.7	1.4	1.3	0.032549045313255	0.862491
56	0.5	0.05	0.05	0.4	1.6	1.4	1.6	1.2	0	0.861491
239	0.35	0.3	0.05	0.3	1.9	1.5	1.9	1.9	0.0345181229880974	0.860488
344	0.35	0.2	0.15	0.3	1.3	1.1	1.1	1.5	0.0347359304070576	0.859367
78	0.55	0.25	0.15	0.05	1.7	1.1	1	1.8	0.0919741364388222	0.859079
143	0.6	0.2	0.15	0.05	1	2	1.6	1.4	0.0128681079349375	0.858761
19	0.6	0.2	0.15	0.05	1.9	1.2	1.9	1.4	0.0546481305141543	0.856822
472	0.45	0.3	0.2	0.05	1.6	1.2	1.5	1.4	0.0641092526974376	0.856025
253	0.7	0.15	0.1	0.05	1.6	1.3	1.6	1.3	0.0697510744047905	0.85508
140	0.55	0.05	0.1	0.3	1.7	1.9	1.2	1.1	0.000657983926539677	0.854851
243	0.35	0.3	0.05	0.3	1.7	2	1.9	1	0.0328580846620658	0.853531
195	0.35	0.2	0.1	0.35	1	1.6	1.3	1.2	0.0298622644237977	0.85352
46	0.5	0.05	0.05	0.4	2	1.2	1.3	1.6	0.0663990059242117	0.853456
14	0.45	0.15	0.05	0.35	1.4	1.4	1	2	0.0466133961221198	0.850734
34	0.5	0.05	0.05	0.4	1.8	1.7	1.1	1.8	0.0428125986730779	0.848347
1	0.25	0.25	0.25	0.25	1.5	1.5	1.5	1.5	0.0572535683222715	0.848145
362	0.5	0.2	0.25	0.05	1.5	1	1.7	2	0.0419916384203661	0.84555
214	0.5	0.25	0.2	0.05	1.7	1.1	1	1.2	0.0625443064333861	0.841525
420	0.3	0.35	0.3	0.05	1.8	1.5	1.9	1.2	0.0708123986796974	0.839479
11	0.25	0.5	0.15	0.1	1.9	1.5	1.6	1.1	0.0907219978424723	0.838119
258	0.3	0.5	0.15	0.05	1.4	1.6	1.7	1.5	0.0706260694459234	0.837936
441	0.5	0.15	0.05	0.3	1.1	1	1.6	1.4	0.0595455147852118	0.837751
181	0.65	0.05	0.15	0.15	1	1.9	2	1.4	0.00198821581732489	0.837273
406	0.25	0.45	0.25	0.05	1.5	1.7	1.8	1.1	0.0566755997159032	0.835231
54	0.45	0.05	0.1	0.4	2	2	1.2	1.4	0.0923004445543035	0.833711
39	0.2	0.4	0.35	0.05	1.1	2	1.6	1.8	0.0640941103265505	0.833207
382	0.1	0.6	0.25	0.05	1.9	1	1.1	1.9	0.0433289081640657	0.82769
58	0.45	0.05	0.05	0.45	1.4	1.3	1	1.4	0.0884619595638244	0.826174
33	0.2	0.3	0.25	0.25	1.5	1.6	1.2	1.2	0.0583639606194845	0.820719
93	0.6	0.2	0.15	0.05	1.6	1.2	1.6	1.2	0.034229289781063	0.819649
60	0.45	0.05	0.1	0.4	1.7	1.3	1.4	1.5	0.099299187704218	0.813199
203	0.7	0.15	0.05	0.1	1	1.8	1.7	1.2	0.0636972331757851	0.811557
189	0.65	0.15	0.05	0.15	1.4	1.9	1.7	1.1	0.0556643168651749	0.81147
408	0.2	0.45	0.3	0.05	1.1	1.7	1.2	1.7	0.0527363358592989	0.807067
40	0.45	0.05	0.05	0.45	1.2	1.6	1.6	2	0	0.804095
70	0.1	0.45	0.35	0.1	1.1	1.8	1.9	1.6	0.0990612759009166	0.803556
32	0.45	0.05	0.05	0.45	1.3	1.4	1.2	1.9	0.0722473017656517	0.801805
470	0.55	0.3	0.1	0.05	1.6	1.1	1.2	2	0.0892449680092125	0.788708
198	0.45	0.2	0.3	0.05	1.8	1.1	2	1.6	0.0531806640514152	0.787362
213	0.65	0.05	0.1	0.2	1.8	1.9	2	1.7	0.06742225533574	0.787038
479	0.6	0.05	0.15	0.2	1.5	1.7	1.7	1.2	0.0692931999216161	0.785634
224	0.3	0.35	0.15	0.2	1.9	1	1.3	1.7	0.0772999963647021	0.769222
126	0.7	0.15	0.05	0.1	1.8	1.2	1.5	1.3	0.0530052928346831	0.764965
76	0.05	0.45	0.45	0.05	2	1.5	2	1.8	0.0872912198090603	0.755345
376	0.05	0.7	0.1	0.15	1.2	1.5	2	2	0.0710579702846743	0.744882
281	0.75	0.1	0.1	0.05	1.8	1.9	1.5	2	0.0850650527517555	0.736843
182	0.25	0.55	0.1	0.1	1.5	1.7	1.8	2	0.0664767610218897	0.690981
2	0.15	0.15	0.05	0.65	1.7	1.6	1.4	1.2	0	0
4	0.2	0.1	0.45	0.25	1.9	1.3	1.7	1.1	0	0
5	0.05	0.55	0.1	0.3	1.8	1.7	1.8	1.2	0	0
6	0.35	0.4	0.05	0.2	1.7	1.3	1.7	1.1	0.54423367692644	0
7	0.2	0.45	0.05	0.3	1.1	2	1.5	1.3	0	0
8	0.15	0.7	0.1	0.05	1.1	1.5	1.6	1.8	0.109926459486721	0
9	0.05	0.3	0.25	0.4	1.9	2	1.9	1	0	0
10	0.05	0.55	0.15	0.25	1.2	1.1	1.1	2	0	0
12	0.15	0.35	0.15	0.35	1.4	1.4	1.2	1.3	0	0
13	0.1	0.4	0.05	0.45	1.3	1	1.6	1.6	0	0
15	0.15	0.15	0.1	0.6	1.9	1	1.6	1	0	0
16	0.15	0.1	0.05	0.7	1.7	1.5	2	1	0	0
18	0.05	0.2	0.25	0.5	1	1.2	1	1.4	0	0
20	0.3	0.2	0.25	0.25	1.3	1.2	1.8	1.3	0.483456354830026	0
21	0.2	0.35	0.15	0.3	2	1.4	1	1.6	0.124238591967653	0
23	0.05	0.15	0.15	0.65	1.3	1.3	1.1	1.6	0	0
24	0.1	0.6	0.25	0.05	1.6	1	2	1.8	0	0
25	0.05	0.7	0.2	0.05	1.4	2	1.7	1.6	0.151032450228899	0
27	0.15	0.1	0.35	0.4	1.8	1.2	1.7	1.6	0	0
28	0.35	0.05	0.55	0.05	1.6	1.7	1.3	1.5	0	0
29	0.15	0.4	0.25	0.2	1.5	1.4	1.5	1	0	0
30	0.25	0.05	0.3	0.4	1.1	1.8	1.8	1.2	0	0
35	0.1	0.45	0.15	0.3	1.4	1.8	1.6	1	0	0
36	0.45	0.05	0.1	0.4	1.4	1.1	1.4	2	0	0
37	0.15	0.5	0.05	0.3	1.2	1.5	1.9	1.1	0	0
41	0.4	0.1	0.35	0.15	1.3	2	1.6	2	0	0
43	0.2	0.15	0.05	0.6	1.8	2	2	1.7	0.429509191931107	0
45	0.3	0.35	0.05	0.3	1.3	1	1.3	1.2	0	0
47	0.05	0.2	0.65	0.1	1.8	1.4	2	1.1	0	0
49	0.05	0.1	0.7	0.15	1.6	1.4	1.5	1.6	0	0
50	0.45	0.05	0.05	0.45	1.3	1.5	1.8	1	0.451308306726461	0
51	0.15	0.65	0.05	0.15	2	1.7	2	1.9	0.254751789866894	0
52	0.5	0.05	0.05	0.4	1.5	1.1	1.2	1.9	0.124480216838471	0
55	0.15	0.3	0.05	0.5	1.5	1.4	1.3	1	0	0
57	0.2	0.15	0.4	0.25	1.8	1.8	1.8	1.9	0	0
59	0.3	0.05	0.55	0.1	1	1.8	1.1	1.5	0	0
61	0.15	0.2	0.55	0.1	1.5	1.7	1.1	1.3	0	0
63	0.45	0.1	0.2	0.25	1.3	1.8	1.4	1.3	0	0
64	0.4	0.45	0.1	0.05	1.4	1.9	1.7	1	0.41007835809199	0
66	0.55	0.1	0.3	0.05	1.2	1.5	1.7	1.7	0	0
67	0.55	0.1	0.3	0.05	1.5	1.5	1.5	1.3	0	0
68	0.5	0.05	0.2	0.25	1.7	1.4	1.5	1.3	0	0
69	0.6	0.1	0.25	0.05	1	1.5	1.2	1.1	0	0
71	0.55	0.1	0.25	0.1	1.3	1.3	1.3	1.2	0.300122253928944	0
72	0.05	0.6	0.2	0.15	1.6	1	1	1	0.448857405736436	0
73	0.45	0.1	0.2	0.25	1.4	1.8	1.6	1.1	0	0
75	0.8	0.1	0.05	0.05	1.6	1.2	1.5	1.2	0	0
79	0.45	0.1	0.2	0.25	1.5	1.3	1.7	1.1	0.545463159174947	0
80	0.05	0.15	0.35	0.45	1.1	1.1	1.2	1.3	0	0
82	0.15	0.65	0.1	0.1	1.7	1.1	1.1	1.3	0.522121997831203	0
83	0.65	0.1	0.2	0.05	1.6	1.6	1.1	1.1	0	0
84	0.15	0.05	0.15	0.65	1.4	2	1.7	1.4	0	0
85	0.45	0.1	0.3	0.15	1	1.6	1.1	1.3	0	0
86	0.1	0.35	0.15	0.4	1.9	1.4	1.9	1.9	0	0
87	0.5	0.1	0.25	0.15	1.6	1.3	1	1.3	0	0
88	0.15	0.55	0.1	0.2	1.7	1.6	1.1	1.3	0	0
90	0.5	0.05	0.05	0.4	1.9	1.1	1	1.5	0.123835793376603	0
91	0.45	0.25	0.25	0.05	1.6	1.7	1.7	1.2	0.507935774865833	0
92	0.4	0.5	0.05	0.05	1.7	1.8	2	1.6	0	0
94	0.3	0.25	0.15	0.3	1.6	1.4	1.3	1.1	0	0
95	0.3	0.3	0.05	0.35	1.9	1.9	1.8	1.7	0.512347348444676	0
96	0.35	0.25	0.1	0.3	1.2	1.2	1.5	1.3	0	0
97	0.25	0.15	0.3	0.3	1.8	1.7	1	1.8	0	0
98	0.35	0.25	0.1	0.3	1.7	1.4	1.3	1.2	0.493010984572577	0
99	0.45	0.1	0.4	0.05	1.6	1	2	1.5	0	0
100	0.4	0.25	0.1	0.25	1.6	1.2	1.5	1.2	0.126943766542833	0
101	0.4	0.3	0.05	0.25	1.2	2	1.1	1.4	0	0
103	0.1	0.25	0.15	0.5	1.9	1.6	1.7	1	0	0
104	0.4	0.2	0.15	0.25	1.7	1.2	1.3	1.3	0.515607673416448	0
105	0.05	0.15	0.2	0.6	1.3	1.4	2	1.5	0	0
107	0.25	0.4	0.1	0.25	1	1.7	1.4	1.3	0	0
109	0.05	0.65	0.25	0.05	1.8	1.6	1.9	1.1	0.148851331342065	0
110	0.3	0.2	0.15	0.35	1.7	1.4	1.3	1.1	0.526733851639549	0
111	0.75	0.05	0.15	0.05	1.1	1.7	1.7	1	0	0
112	0.4	0.1	0.15	0.35	1.4	1.2	1.3	1.1	0.538950440556194	0
113	0.1	0.1	0.05	0.75	1.3	2	1.9	1.5	0	0
114	0.35	0.15	0.15	0.35	1.1	1.2	1.6	1.1	0	0
115	0.25	0.2	0.15	0.4	1.3	2	1.1	1	0.530240590951721	0
116	0.35	0.25	0.15	0.25	1.7	1.2	1.2	1.1	0.493967239700847	0
117	0.8	0.1	0.05	0.05	1.4	1	1.4	1.3	0	0
119	0.05	0.65	0.15	0.15	1.3	1.8	1.2	1.7	0.422302192455197	0
121	0.1	0.1	0.65	0.15	1.2	1	1.2	1.6	0	0
123	0.2	0.25	0.2	0.35	1.4	1.5	2	1.3	0	0
125	0.15	0.3	0.35	0.2	1.5	1.4	1.8	1.3	0	0
127	0.15	0.25	0.5	0.1	1.9	1.5	1.5	1.9	0	0
129	0.05	0.55	0.35	0.05	2	1.2	1.3	1.1	0.384455490181883	0
130	0.3	0.15	0.15	0.4	1.2	2	1.6	1.3	0.552913142405074	0
131	0.2	0.15	0.05	0.6	1	1	1	2	0	0
133	0.05	0.35	0.1	0.5	1.2	1.9	1.9	1.6	0	0
136	0.35	0.4	0.05	0.2	1.5	1.7	1.2	1.4	0	0
138	0.1	0.05	0.45	0.4	1.2	1.7	2	1.3	0	0
141	0.75	0.15	0.05	0.05	1.5	1.3	1.4	1.1	0	0
142	0.4	0.15	0.4	0.05	1.2	1.8	1.2	2	0.437008266899793	0
144	0.3	0.45	0.2	0.05	1	1.4	1.9	1	0.428990698536618	0
146	0.05	0.4	0.05	0.5	1.1	1.9	1.9	1.4	0	0
147	0.4	0.1	0.15	0.35	1.3	1.4	1.8	1.3	0.474593274418441	0
148	0.1	0.3	0.15	0.45	1.9	1.1	1.2	1.5	0	0
149	0.4	0.2	0.1	0.3	1	1.4	1.8	1.4	0.530498822311246	0
150	0.1	0.3	0.25	0.35	1.8	1.4	1.5	1.8	0	0
151	0.4	0.1	0.15	0.35	1.4	1.8	2	1.4	0.542764988245294	0
152	0.2	0.5	0.15	0.15	1	1.1	1.4	1.1	0	0
154	0.35	0.25	0.15	0.25	1.2	1.7	2	1.8	0.490172685302151	0
158	0.7	0.05	0.1	0.15	1.7	1.2	1.7	2	0.1948064180019	0
159	0.5	0.1	0.05	0.35	1	1.6	2	1.4	0.102480041595802	0
160	0.3	0.45	0.2	0.05	1.6	1.2	1.8	1.9	0.486219631783327	0
162	0.45	0.1	0.4	0.05	1.5	2	1.5	1.7	0	0
166	0.4	0.1	0.45	0.05	1.1	1.1	1.9	1.9	0	0
168	0.15	0.15	0.1	0.6	1	2	1.9	1.7	0	0
170	0.25	0.15	0.45	0.15	1.1	1	1.5	2	0	0
172	0.2	0.2	0.45	0.15	1.4	1.9	1.5	1.1	0	0
174	0.1	0.75	0.1	0.05	1.5	1.6	1.6	1.1	0.129603931722618	0
176	0.2	0.2	0.2	0.4	1	1.5	1.8	2	0	0
178	0.05	0.35	0.45	0.15	1.5	1.1	1.8	1.3	0	0
180	0.15	0.15	0.3	0.4	1.3	1.1	1.6	1	0	0
183	0.5	0.1	0.15	0.25	1	1.6	1.4	1	0.452128506878057	0
184	0.35	0.1	0.5	0.05	1.6	1.1	1.3	1	0	0
186	0.4	0.05	0.45	0.1	1.1	1	1.8	1.1	0	0
188	0.1	0.1	0.55	0.25	1.1	1.8	1.9	1.6	0	0
190	0.25	0.45	0.1	0.2	1.7	1.5	2	1	0.10646649069717	0
191	0.6	0.1	0.15	0.15	1	1.5	1.3	1.2	0.104864544632364	0
192	0.55	0.1	0.1	0.25	1.4	1	1.6	1.5	0.521496769976749	0
194	0.25	0.35	0.35	0.05	1	1.3	1.2	1.7	0	0
196	0.1	0.2	0.25	0.45	1.9	1.7	2	1.9	0	0
197	0.45	0.15	0.15	0.25	1	2	2	1.3	0.5427452460263	0
199	0.7	0.1	0.15	0.05	1	2	1.7	1.1	0	0
200	0.1	0.15	0.25	0.5	1.8	1.5	1.3	1.4	0	0
201	0.4	0.1	0.15	0.35	1	2	1.9	1.2	0.547891573866283	0
204	0.25	0.5	0.1	0.15	1.5	1.3	1.2	1.4	0	0
206	0.5	0.05	0.15	0.3	1.3	1.7	1.5	1.6	0.494124462114735	0
208	0.3	0.3	0.05	0.35	1.9	1.5	1.1	1.3	0	0
210	0.5	0.4	0.05	0.05	1.8	1.6	1.5	1.3	0	0
212	0.1	0.15	0.35	0.4	1.5	1.1	1.7	1.7	0	0
216	0.15	0.25	0.55	0.05	1.6	1.5	1.7	1.6	0	0
218	0.3	0.2	0.45	0.05	1.2	1.1	1.3	1.3	0	0
220	0.05	0.25	0.05	0.65	1.5	1.4	1.9	1.3	0	0
222	0.3	0.15	0.25	0.3	1.7	1.9	1.2	1.9	0	0
228	0.2	0.05	0.1	0.65	1.3	1.8	1.1	1.4	0	0
232	0.05	0.5	0.3	0.15	1.6	1.5	1.7	1	0	0
234	0.05	0.15	0.55	0.25	1.3	2	1.5	1.9	0	0
235	0.35	0.35	0.05	0.25	2	1.9	1.8	1.6	0.153081754088089	0
236	0.1	0.25	0.45	0.2	1.9	1.4	1.5	1.8	0	0
238	0.3	0.2	0.15	0.35	1.2	1.9	1.2	1.3	0	0
240	0.1	0.25	0.15	0.5	1.7	1.4	1.3	1.2	0	0
242	0.15	0.2	0.6	0.05	1.8	1.8	1.9	1.8	0	0
244	0.1	0.1	0.25	0.55	1.5	1.7	1.2	1.2	0	0
246	0.1	0.3	0.3	0.3	1	1.3	1	2	0	0
248	0.05	0.15	0.25	0.55	1.1	1.2	1.5	1.3	0	0
249	0.35	0.1	0.15	0.4	1.5	1.6	1.4	1	0	0
250	0.2	0.2	0.2	0.4	1.1	1.3	1.8	1.2	0.485996282133991	0
251	0.4	0.2	0.05	0.35	1.2	1.8	1.7	1.1	0.556647988481596	0
252	0.2	0.2	0.35	0.25	1.1	1.7	1.9	1.9	0	0
254	0.25	0.25	0.25	0.25	1.3	1.1	1.1	1	0	0
256	0.1	0.4	0.1	0.4	1.2	1.2	1.2	1.4	0	0
261	0.4	0.3	0.05	0.25	1.4	1.8	1.9	1.1	0.117222958804142	0
262	0.2	0.25	0.1	0.45	2	1.8	1.8	1.3	0	0
263	0.4	0.2	0.05	0.35	1.3	2	1.7	1.1	0.541317529335879	0
268	0.2	0.1	0.3	0.4	1.2	2	1.6	1	0	0
271	0.45	0.3	0.15	0.1	1.4	1.9	1.7	1.3	0.500198683374701	0
272	0.2	0.1	0.3	0.4	1.2	1.5	1.7	1.8	0	0
274	0.15	0.25	0.5	0.1	1.3	1.4	1.3	1.2	0.37941044196503	0
276	0.6	0.25	0.05	0.1	1	1.7	1.5	1.6	0.110474189817962	0
278	0.15	0.35	0.2	0.3	1.2	1.7	1.1	1.3	0	0
280	0.2	0.4	0.25	0.15	1.2	1.4	1.1	2	0.461411739014814	0
282	0.3	0.4	0.05	0.25	1.7	1.1	1.9	1.9	0.441658943578606	0
283	0.75	0.15	0.05	0.05	1.6	2	1.5	1.3	0.434665113482172	0
284	0.15	0.6	0.05	0.2	1.4	1	1.4	1.2	0	0
286	0.1	0.05	0.5	0.35	2	1.9	1.2	1.5	0	0
292	0.1	0.4	0.25	0.25	1.1	1.1	1	1.8	0	0
295	0.85	0.05	0.05	0.05	1.6	1.9	1.8	1.2	0.437958360974761	0
296	0.2	0.05	0.4	0.35	1.9	1.5	1.9	1	0	0
298	0.15	0.35	0.15	0.35	1.5	1.6	1.1	1.8	0.443019444861586	0
299	0.3	0.05	0.1	0.55	1.8	1.8	1.6	1.1	0	0
300	0.1	0.4	0.05	0.45	1.6	1.5	1.4	1.1	0	0
301	0.25	0.15	0.05	0.55	1.6	1.3	1.1	1.3	0	0
302	0.1	0.1	0.15	0.65	1.7	1	1.4	1.2	0	0
303	0.25	0.1	0.05	0.6	1.5	1.9	1.2	1.1	0	0
304	0.2	0.4	0.1	0.3	1.9	1.7	1	1.7	0	0
305	0.3	0.05	0.05	0.6	1.5	2	1.7	1.1	0	0
306	0.05	0.05	0.6	0.3	2	1.5	1.8	1.2	0	0
307	0.25	0.15	0.05	0.55	1.5	1.7	1.3	1.2	0.484689261550774	0
308	0.35	0.1	0.25	0.3	1.2	1	2	2	0	0
309	0.3	0.05	0.05	0.6	1.8	1.2	1.7	1.1	0.539905696816666	0
310	0.15	0.5	0.3	0.05	1.6	1	1.2	1.3	0.450110156710899	0
311	0.25	0.05	0.1	0.6	1.8	1.9	1.5	1.3	0	0
312	0.15	0.5	0.15	0.2	1.3	1.5	1.5	1	0.404839670483555	0
314	0.1	0.35	0.4	0.15	1.5	1.2	2	1.1	0	0
316	0.2	0.05	0.7	0.05	1.6	1.5	2	1.6	0	0
317	0.35	0.2	0.1	0.35	1.4	2	1.5	1.1	0.562935318340653	0
318	0.05	0.3	0.25	0.4	1.5	1	2	1.8	0	0
320	0.1	0.25	0.25	0.4	1.1	1	1.8	1.8	0	0
322	0.35	0.5	0.1	0.05	1.4	1	1.1	1.4	0	0
324	0.05	0.55	0.15	0.25	1.3	1	1.2	1	0	0
326	0.2	0.05	0.25	0.5	1.3	1.5	1.9	1	0	0
328	0.05	0.1	0.5	0.35	1.9	1.1	1.6	1.3	0	0
330	0.5	0.1	0.1	0.3	1.2	1.2	1.4	1.5	0.499845403964369	0
332	0.15	0.5	0.3	0.05	1.8	2	1.4	2	0.106964134491518	0
333	0.35	0.2	0.1	0.35	1.5	2	1.9	1.8	0.535175564246848	0
336	0.2	0.25	0.5	0.05	2	1	1.6	1.8	0	0
338	0.4	0.45	0.1	0.05	1.7	1.3	1.3	1.1	0.187304860126703	0
340	0.15	0.05	0.65	0.15	1.6	1.2	2	1.3	0	0
342	0.15	0.6	0.1	0.15	1	1.7	1.7	1.1	0.488072726196216	0
345	0.7	0.15	0.1	0.05	1.5	1.3	1.7	1	0.132850020352149	0
346	0.05	0.3	0.55	0.1	1.2	2	1.2	2	0	0
347	0.65	0.15	0.15	0.05	1.5	1.3	1.9	1	0.44738382203688	0
348	0.05	0.3	0.4	0.25	2	1.1	1.5	1.6	0.303153672419091	0
352	0.3	0.4	0.05	0.25	1.9	1.7	1.8	2	0.402250616541393	0
353	0.35	0.2	0.1	0.35	1.5	1.3	1.9	1.1	0.517474437606545	0
354	0.1	0.1	0.05	0.75	1.5	1.4	1.6	1.9	0	0
356	0.2	0.15	0.05	0.6	1.2	1.9	1.2	1.8	0	0
358	0.4	0.15	0.25	0.2	1	1.1	1.9	1.1	0	0
360	0.45	0.05	0.2	0.3	1.3	1.5	1.7	2	0.467717991797133	0
364	0.05	0.15	0.05	0.75	1.4	1.5	1.5	1.2	0	0
366	0.05	0.2	0.7	0.05	1.4	1.3	1.1	1.2	0	0
367	0.5	0.1	0.15	0.25	1.6	2	1.6	1.6	0.543332756016556	0
368	0.2	0.7	0.05	0.05	1.9	1.8	1.5	1.6	0	0
370	0.4	0.4	0.05	0.15	1.4	1.1	1.7	1.7	0	0
372	0.45	0.05	0.3	0.2	1.9	1.7	2	1.4	0.544588534933132	0
374	0.05	0.05	0.15	0.75	1.1	1.8	1.1	1	0	0
380	0.1	0.35	0.05	0.5	1.1	1.4	1	1.6	0	0
384	0.25	0.3	0.35	0.1	1.5	1	1.3	1.8	0.527730517987798	0
386	0.45	0.05	0.4	0.1	1.8	1.8	1.4	1.1	0	0
387	0.5	0.25	0.1	0.15	1.4	1.9	1.9	1.2	0.110582409837043	0
388	0.15	0.1	0.1	0.65	1.9	1.2	1.1	1.3	0	0
390	0.75	0.05	0.15	0.05	1	1	1.2	1.4	0	0
393	0.35	0.2	0.15	0.3	1.5	1.6	1.3	1	0.553683899646019	0
394	0.1	0.45	0.05	0.4	1.4	1.8	1.1	1.2	0	0
396	0.05	0.1	0.8	0.05	1.2	1.4	1.1	1.5	0	0
398	0.15	0.25	0.2	0.4	1.7	1	1.5	1.6	0	0
400	0.2	0.25	0.35	0.2	1.6	1.3	1.9	1.1	0	0
401	0.35	0.05	0.15	0.45	1.4	1.6	1.8	1.8	0	0
402	0.5	0.05	0.35	0.1	1.5	1.4	1.2	1.7	0	0
404	0.05	0.45	0.25	0.25	1.6	1.7	1.8	1.7	0	0
407	0.4	0.25	0.3	0.05	1.7	1.1	1	1	0	0
411	0.4	0.1	0.35	0.15	1.9	1.4	1	1.1	0	0
412	0.3	0.35	0.05	0.3	2	1.5	1	1.9	0	0
413	0.35	0.1	0.35	0.2	1.9	1.2	1	1.1	0	0
414	0.15	0.05	0.35	0.45	1	1.5	1.9	1.6	0	0
415	0.35	0.05	0.15	0.45	1.6	2	1.6	1.1	0	0
416	0.3	0.05	0.35	0.3	1.8	1.4	2	2	0	0
417	0.5	0.15	0.15	0.2	1.4	1.4	1.8	1.1	0.546164048491371	0
418	0.4	0.15	0.4	0.05	1.9	1.3	1.4	1.9	0	0
422	0.6	0.05	0.15	0.2	1.3	1.8	1.4	1.3	0.109698365520864	0
424	0.1	0.15	0.25	0.5	1.1	1.3	1.6	1.1	0	0
426	0.05	0.75	0.1	0.1	1.8	2	1.1	1.5	0.113635392686185	0
428	0.35	0.15	0.25	0.25	1.9	1.8	1.8	1.7	0.529042638428635	0
429	0.35	0.05	0.1	0.5	1.8	2	1.7	1.1	0.534077173960869	0
430	0.25	0.2	0.25	0.3	2	1.7	1.5	1.1	0	0
436	0.2	0.55	0.1	0.15	1.4	1.2	2	1.6	0.458388890658118	0
438	0.1	0.05	0.65	0.2	1.5	2	1.3	1.4	0	0
439	0.5	0.15	0.05	0.3	1.2	1.1	1.4	1.7	0.494167389989398	0
440	0.25	0.1	0.6	0.05	1.5	1.4	2	1.3	0	0
442	0.1	0.45	0.1	0.35	1.2	1.7	1.1	1.5	0	0
443	0.35	0.3	0.05	0.3	1.6	1.5	1.5	1	0	0
444	0.2	0.05	0.15	0.6	1.4	1.9	1.5	1.4	0	0
445	0.35	0.1	0.05	0.5	1.6	1.8	1.4	1.1	0.55540769495316	0
446	0.05	0.25	0.55	0.15	1.1	1.3	1.5	1.8	0	0
448	0.25	0.15	0.35	0.25	1.1	1	1.6	1.5	0	0
449	0.5	0.35	0.05	0.1	1.6	1.9	1.9	1	0.561708635804234	0
450	0.15	0.3	0.1	0.45	1	1	2	1.9	0	0
452	0.05	0.45	0.35	0.15	2	1.7	1.8	1.7	0	0
454	0.2	0.1	0.3	0.4	1.1	1.4	1.1	1	0	0
456	0.15	0.25	0.2	0.4	1.4	1.4	1.3	1.5	0	0
458	0.25	0.3	0.25	0.2	2	1.3	1.4	1.9	0.106449250843603	0
460	0.2	0.55	0.05	0.2	2	1.2	1	1.1	0	0
461	0.3	0.15	0.25	0.3	1.9	1.6	1.3	1.8	0.507645518707161	0
462	0.15	0.45	0.35	0.05	1.4	1.4	1.3	1	0	0
463	0.25	0.15	0.3	0.3	1	1.6	1.7	1.6	0	0
464	0.3	0.25	0.3	0.15	1.7	1.1	1.7	1.3	0	0
465	0.25	0.1	0.25	0.4	1.4	1.6	1.6	1.6	0	0
467	0.3	0.1	0.2	0.4	1.8	1.6	1.5	2	0.515626096570324	0
468	0.2	0.15	0.15	0.5	1.9	1.2	1.5	1.4	0.379983342047178	0
469	0.3	0.05	0.25	0.4	2	1.6	1.6	1.5	0	0
471	0.3	0.05	0.2	0.45	1.7	1.6	1.3	1.8	0	0
473	0.25	0.05	0.4	0.3	1.6	1.6	1.3	1.7	0	0
474	0.1	0.1	0.6	0.2	1.5	2	1.9	1.8	0	0
476	0.45	0.05	0.05	0.45	1.5	1.5	1.5	1	0.176168557772592	0
477	0.35	0.1	0.15	0.4	1.4	1.4	2	1.1	0.54123134531644	0
478	0.1	0.65	0.2	0.05	1	1.3	2	1.8	0.153450323660216	0
482	0.35	0.1	0.15	0.4	1.2	1.9	1.1	1.2	0.491576572034896	0
490	0.1	0.1	0.1	0.7	1.3	1.5	1.8	1.4	0	0
492	0.05	0.25	0.1	0.6	1.2	1.2	1	1.7	0	0
494	0.05	0.3	0.55	0.1	1.9	1.6	1.9	1.5	0.110240217728258	0
495	0.35	0.15	0.05	0.45	1.1	1.8	1	1.4	0	0
496	0.25	0.5	0.2	0.05	1.6	1	1.2	1.1	0.464012003867689	0
497	0.4	0.15	0.05	0.4	1	1.5	1.3	1.3	0.543339678168813	0
498	0.1	0.4	0.35	0.15	1	1.5	2	1.4	0	0
499	0.6	0.05	0.1	0.25	1.4	2	1.8	1.2	0.113704971651371	0
500	0.15	0.2	0.2	0.45	1.9	1.6	1.9	1.4	0.494450467121875	0
